100
64 128 0
0 0 0 0 0 0 0 0 0 0 0 0 0 0 0 0 0 0 0 0 0 0 0 0 0 0 0 0 0 0 0 0 0 0 0 0 0 0 0 0 0 0 0 0 0 0 0 0 0 0 0 0 0 0 0 0 0 0 0 0 0 0 0 0
12 33
22 25
38 52
5 40
15 62
57 59
39 54
2 19
11 18
26 34
17 61
20 31
10 53
52 59
46 55
46 61
23 29
37 57
50 62
39 50
43 48
21 31
4 63
30 56
49 58
12 14
2 6
8 24
41 53
13 16
5 33
0 27
47 63
30 32
11 58
20 44
16 55
45 56
19 36
32 35
9 42
3 36
29 43
6 60
10 40
48 49
7 28
34 54
17 42
13 27
0 22
41 51
1 51
15 23
26 28
1 21
3 18
7 38
4 8
9 44
37 45
25 60
14 35
24 47
35 49
11 21
4 43
9 39
2 46
41 45
18 56
6 39
13 17
56 62
53 60
31 53
48 54
10 28
15 18
0 55
1 15
29 58
13 26
20 38
3 59
47 59
22 51
14 43
52 63
51 62
31 47
8 46
25 33
2 38
11 12
23 50
5 60
25 36
27 50
27 45
6 54
7 57
28 42
42 63
32 55
9 33
21 23
34 35
29 30
14 61
19 32
26 58
16 61
1 24
37 48
10 19
7 44
17 41
3 5
36 49
16 52
4 57
8 22
24 30
40 44
12 34
0 20
37 40
64 128 0
0 0 0 0 0 0 0 0 0 0 0 0 0 0 0 0 0 0 0 0 0 0 0 0 0 0 0 0 0 0 0 0 0 0 0 0 0 0 0 0 0 0 0 0 0 0 0 0 0 0 0 0 0 0 0 0 0 0 0 0 0 0 0 0
28 41
14 46
15 50
4 20
3 46
15 56
35 55
11 37
3 33
0 23
17 45
19 49
1 4
35 52
23 58
24 47
19 43
5 30
21 22
27 32
26 34
7 39
9 37
6 26
9 17
44 58
10 60
40 47
2 11
18 29
52 62
20 30
54 61
27 36
57 63
12 21
7 51
25 28
16 40
12 60
50 51
8 56
14 31
10 59
43 53
13 48
0 13
31 33
18 42
6 16
55 59
8 53
1 48
2 62
54 57
25 44
22 38
29 45
5 63
32 36
38 42
41 49
24 39
34 61
29 60
4 37
28 62
6 17
42 46
18 57
32 46
12 44
25 39
10 61
0 20
17 30
14 20
50 52
18 36
21 27
2 63
5 49
19 25
7 13
22 24
5 38
11 27
54 58
2 52
24 34
36 55
26 33
15 42
3 49
34 43
26 63
48 55
0 57
3 48
7 31
9 58
21 23
39 40
54 59
56 61
23 41
44 47
4 16
6 53
8 62
10 28
8 50
16 31
35 53
9 45
30 37
22 33
1 47
35 60
15 38
45 59
32 51
43 56
29 41
11 14
40 51
1 12
13 19
64 128 0
0 0 0 0 0 0 0 0 0 0 0 0 0 0 0 0 0 0 0 0 0 0 0 0 0 0 0 0 0 0 0 0 0 0 0 0 0 0 0 0 0 0 0 0 0 0 0 0 0 0 0 0 0 0 0 0 0 0 0 0 0 0 0 0
13 27
32 40
1 7
43 47
28 33
17 34
10 43
55 62
1 60
26 42
8 54
4 16
4 58
9 10
35 61
36 50
5 30
15 37
25 27
2 21
22 29
18 53
6 28
30 42
8 39
21 49
19 49
2 35
22 38
17 23
13 38
7 23
11 52
31 39
11 18
15 25
6 58
14 19
33 37
41 57
29 44
24 55
56 63
14 41
57 60
59 61
3 26
12 53
31 48
3 20
5 20
32 51
46 54
44 45
36 40
0 51
34 59
12 48
0 47
24 45
50 56
9 62
16 63
46 52
46 61
1 58
20 44
8 37
10 25
49 53
7 39
44 57
38 52
25 30
36 38
49 50
31 60
18 56
5 54
14 56
15 41
23 61
53 63
42 51
24 60
6 20
16 36
13 41
13 18
10 40
14 33
5 37
23 62
43 48
29 48
22 32
17 22
39 46
2 4
9 34
31 51
15 59
35 59
21 29
27 47
6 19
7 33
35 58
3 17
26 55
28 30
2 8
52 57
32 34
50 63
42 45
1 27
28 47
0 54
11 12
3 9
26 45
19 24
12 55
16 21
0 62
11 43
4 40
64 128 0
0 0 0 0 0 0 0 0 0 0 0 0 0 0 0 0 0 0 0 0 0 0 0 0 0 0 0 0 0 0 0 0 0 0 0 0 0 0 0 0 0 0 0 0 0 0 0 0 0 0 0 0 0 0 0 0 0 0 0 0 0 0 0 0
41 42
31 40
15 40
7 58
2 39
27 45
16 22
43 59
0 43
45 57
32 39
1 28
37 54
1 14
8 32
47 51
23 34
16 20
42 52
7 11
9 57
8 46
29 34
36 61
61 62
19 22
47 55
18 26
23 25
36 55
29 63
18 48
10 63
12 24
10 59
37 44
35 54
6 27
41 46
13 17
9 13
0 21
12 30
5 60
3 50
4 52
6 48
15 56
35 53
26 49
50 58
28 44
38 49
25 62
2 31
11 17
21 60
14 24
19 33
4 56
20 33
3 51
5 53
30 38
7 28
1 41
4 48
2 18
44 62
9 21
0 58
29 56
24 34
5 22
7 59
23 50
31 57
2 53
4 50
30 35
14 57
45 63
11 61
16 17
49 52
51 53
20 45
36 38
15 54
1 33
15 62
36 49
32 48
35 60
8 42
34 37
43 60
43 55
24 37
10 38
6 51
10 20
18 39
17 28
8 21
19 56
29 61
25 31
13 32
14 58
12 46
47 52
23 26
9 42
19 26
3 30
11 33
22 25
6 63
27 46
27 40
0 54
13 47
16 59
3 44
5 40
12 41
39 55
64 128 0
0 0 0 0 0 0 0 0 0 0 0 0 0 0 0 0 0 0 0 0 0 0 0 0 0 0 0 0 0 0 0 0 0 0 0 0 0 0 0 0 0 0 0 0 0 0 0 0 0 0 0 0 0 0 0 0 0 0 0 0 0 0 0 0
43 63
39 53
10 45
14 45
20 52
12 52
13 24
7 54
58 61
41 62
40 47
8 14
23 61
9 48
2 20
0 38
17 30
31 50
1 51
38 42
46 60
5 48
4 42
36 49
1 3
7 18
55 59
22 47
46 51
11 59
26 33
28 34
35 55
16 49
21 27
0 62
25 34
18 21
37 39
5 13
23 63
2 43
29 31
32 56
16 19
12 24
22 53
30 44
28 32
10 50
11 17
3 56
57 60
29 37
33 36
27 57
19 25
8 15
26 41
6 15
9 54
4 40
6 44
35 58
34 51
14 31
21 22
33 35
18 30
33 42
54 56
25 56
3 15
10 35
6 41
8 29
10 11
1 15
50 59
29 36
0 24
45 52
46 58
44 46
4 53
50 60
19 55
17 26
48 52
31 40
16 28
2 3
45 48
27 28
5 43
9 49
11 21
1 40
27 59
23 25
2 32
14 58
26 43
17 63
7 12
8 61
41 61
13 62
7 38
19 54
32 57
20 37
36 38
9 34
24 49
44 57
47 62
13 60
20 51
16 47
18 37
55 63
5 53
12 23
4 6
0 22
30 39
39 42
64 128 0
0 0 0 0 0 0 0 0 0 0 0 0 0 0 0 0 0 0 0 0 0 0 0 0 0 0 0 0 0 0 0 0 0 0 0 0 0 0 0 0 0 0 0 0 0 0 0 0 0 0 0 0 0 0 0 0 0 0 0 0 0 0 0 0
52 54
1 53
2 11
33 46
12 25
31 60
21 40
6 23
18 39
20 43
10 32
19 56
30 38
28 57
19 58
39 41
32 51
17 51
59 61
1 16
20 50
3 52
44 47
6 46
18 34
11 28
0 57
9 63
25 49
8 10
12 14
36 41
13 16
5 29
9 33
15 30
2 34
8 60
55 63
15 22
7 35
22 44
48 53
17 48
0 27
4 59
23 26
13 55
3 37
26 45
45 58
27 49
14 24
43 61
47 50
29 35
5 38
7 31
37 40
36 62
42 54
4 21
42 56
24 62
20 21
8 36
0 51
37 44
6 52
27 41
29 51
22 54
5 48
40 46
15 44
20 25
33 50
3 34
15 49
26 55
17 58
42 61
7 49
11 43
13 40
18 52
2 28
14 18
45 48
36 53
23 32
7 27
34 59
5 35
19 63
11 42
16 59
2 63
28 47
9 31
14 32
12 41
26 50
12 23
10 30
21 54
24 46
0 22
56 60
30 47
1 17
45 62
35 61
9 53
1 3
6 43
4 38
24 39
8 56
37 60
4 29
25 38
16 58
31 33
10 57
55 62
19 39
13 57
64 128 0
0 0 0 0 0 0 0 0 0 0 0 0 0 0 0 0 0 0 0 0 0 0 0 0 0 0 0 0 0 0 0 0 0 0 0 0 0 0 0 0 0 0 0 0 0 0 0 0 0 0 0 0 0 0 0 0 0 0 0 0 0 0 0 0
9 59
35 58
15 63
36 47
40 49
9 28
10 48
18 26
31 55
13 23
7 26
7 23
17 36
21 43
11 53
1 37
6 17
34 37
3 38
3 57
8 54
30 57
42 45
5 51
11 42
4 5
2 48
16 52
44 46
19 31
16 28
30 41
20 58
45 52
27 29
12 44
2 20
13 15
12 54
25 35
18 63
14 21
22 32
14 33
0 34
41 46
24 38
10 29
53 62
4 62
40 56
39 47
55 61
6 51
32 33
50 60
50 61
0 56
49 60
19 43
8 24
27 39
25 59
1 22
24 26
38 53
9 44
13 17
42 63
52 62
7 15
4 14
6 26
29 60
22 54
23 50
23 30
6 11
19 45
32 57
16 25
8 47
24 37
19 28
1 32
22 61
48 59
21 58
10 56
10 40
4 45
8 49
11 18
14 61
35 36
42 48
21 27
3 16
15 49
17 53
3 30
9 46
36 63
0 41
52 55
5 59
29 34
20 40
31 43
0 33
34 46
12 56
18 39
51 55
37 57
33 43
38 44
58 60
27 51
31 39
7 54
2 25
12 28
47 50
2 13
1 41
5 20
35 62
64 128 0
0 0 0 0 0 0 0 0 0 0 0 0 0 0 0 0 0 0 0 0 0 0 0 0 0 0 0 0 0 0 0 0 0 0 0 0 0 0 0 0 0 0 0 0 0 0 0 0 0 0 0 0 0 0 0 0 0 0 0 0 0 0 0 0
11 22
15 29
14 56
7 20
4 30
20 33
28 42
14 54
16 26
25 53
8 48
50 55
40 45
41 52
39 51
23 53
5 12
6 49
30 62
3 60
9 36
13 24
7 44
24 34
43 61
32 33
0 27
3 56
2 31
22 47
47 61
26 49
8 57
18 54
35 38
10 46
11 32
29 44
19 50
5 17
17 37
57 59
13 62
0 18
19 51
45 60
4 34
1 21
58 59
55 63
12 16
38 42
31 46
28 37
1 40
10 41
15 27
2 52
21 58
35 48
25 36
9 23
39 63
6 43
4 62
30 33
0 40
3 53
17 49
8 15
32 50
51 52
12 56
9 61
25 48
33 57
14 44
27 31
7 11
7 16
26 35
10 59
9 37
0 4
3 5
34 62
37 54
19 27
41 45
23 34
8 10
55 60
2 56
28 55
32 42
46 58
16 41
29 59
6 58
5 44
46 47
11 52
29 40
49 54
1 45
2 13
18 36
1 43
15 17
38 50
26 42
6 18
28 35
22 38
30 57
19 22
13 43
36 47
51 60
20 24
12 31
21 63
23 25
20 21
61 63
39 53
14 39
24 48
64 128 0
0 0 0 0 0 0 0 0 0 0 0 0 0 0 0 0 0 0 0 0 0 0 0 0 0 0 0 0 0 0 0 0 0 0 0 0 0 0 0 0 0 0 0 0 0 0 0 0 0 0 0 0 0 0 0 0 0 0 0 0 0 0 0 0
29 31
6 26
0 7
15 59
32 52
51 54
25 37
33 48
48 60
53 54
12 25
7 56
34 43
16 63
1 55
20 43
18 44
36 39
13 61
4 50
40 47
0 63
13 62
10 57
23 24
26 45
10 41
20 46
38 57
22 61
30 33
18 62
2 46
41 53
36 45
27 51
5 17
17 50
14 22
19 58
8 35
15 21
6 39
9 11
47 60
3 19
28 35
2 4
37 38
5 44
30 40
3 29
9 16
24 34
1 28
21 49
12 52
14 56
58 59
31 32
27 42
11 23
42 49
8 55
19 28
19 32
26 42
18 47
37 62
12 63
42 51
25 44
46 54
34 53
13 51
43 52
33 58
3 7
3 63
20 23
13 53
24 32
5 15
39 45
1 14
49 59
0 50
11 47
48 52
27 55
38 49
10 18
29 55
16 28
27 44
34 56
17 41
23 43
50 57
45 58
6 15
26 31
0 56
21 33
35 37
39 60
41 60
9 61
14 36
1 36
24 57
8 10
17 40
22 59
4 61
12 30
2 5
8 11
29 35
40 62
25 54
20 38
22 46
4 6
31 48
7 9
16 21
2 30
64 128 0
0 0 0 0 0 0 0 0 0 0 0 0 0 0 0 0 0 0 0 0 0 0 0 0 0 0 0 0 0 0 0 0 0 0 0 0 0 0 0 0 0 0 0 0 0 0 0 0 0 0 0 0 0 0 0 0 0 0 0 0 0 0 0 0
31 57
31 60
56 58
33 38
6 45
3 7
5 8
1 61
36 60
11 42
7 25
27 54
41 43
14 54
28 63
0 13
14 19
2 48
30 48
0 42
22 43
23 50
18 20
26 39
32 33
20 51
4 55
29 49
29 51
13 47
23 57
2 62
24 44
12 16
19 22
9 18
21 24
44 62
34 37
4 37
15 35
11 47
5 17
38 46
39 58
28 59
21 27
17 49
25 40
26 59
35 50
36 46
1 40
55 61
3 16
52 53
12 45
9 10
15 53
6 30
52 56
8 41
10 34
32 63
0 41
31 63
1 33
6 20
4 52
34 57
14 56
16 20
17 54
44 46
36 49
7 53
35 51
3 17
50 54
21 32
53 58
25 61
8 27
26 43
30 49
13 41
30 46
3 42
15 47
6 11
14 29
31 59
7 57
25 59
24 50
40 60
10 12
12 55
28 32
0 24
15 23
2 9
13 45
22 44
8 37
19 48
29 62
45 48
22 35
19 26
10 58
18 36
4 11
23 34
9 51
1 37
2 61
28 40
5 39
33 55
39 52
27 62
60 63
42 56
16 38
38 47
18 21
5 43
64 128 0
0 0 0 0 0 0 0 0 0 0 0 0 0 0 0 0 0 0 0 0 0 0 0 0 0 0 0 0 0 0 0 0 0 0 0 0 0 0 0 0 0 0 0 0 0 0 0 0 0 0 0 0 0 0 0 0 0 0 0 0 0 0 0 0
40 55
7 42
33 57
6 62
17 58
10 31
24 47
20 25
1 14
4 26
19 40
10 57
4 32
16 51
48 56
18 55
27 49
3 44
30 54
35 60
29 43
1 49
45 63
8 54
19 26
12 47
38 43
13 59
0 63
3 56
23 28
9 50
37 41
14 53
7 25
15 29
9 46
36 52
60 61
21 39
53 58
6 21
31 39
44 48
37 46
2 5
17 18
30 45
11 51
22 61
23 34
11 33
13 35
8 36
5 24
22 52
16 59
28 34
27 38
2 32
0 62
41 50
12 20
15 42
43 46
52 55
11 53
15 28
31 49
12 59
18 63
23 40
0 30
15 50
8 9
25 38
5 50
37 57
34 56
7 44
8 23
7 55
13 32
12 27
51 53
33 35
2 26
0 14
25 46
19 39
24 62
20 29
38 58
1 22
47 58
4 36
11 63
22 51
28 48
2 41
5 39
21 34
47 60
13 61
36 42
3 17
14 21
6 33
37 52
27 61
60 62
35 44
17 31
41 49
32 59
45 54
16 19
10 24
20 54
6 57
43 56
4 29
26 42
18 30
3 48
9 10
1 45
16 40
64 128 0
0 0 0 0 0 0 0 0 0 0 0 0 0 0 0 0 0 0 0 0 0 0 0 0 0 0 0 0 0 0 0 0 0 0 0 0 0 0 0 0 0 0 0 0 0 0 0 0 0 0 0 0 0 0 0 0 0 0 0 0 0 0 0 0
14 60
11 46
19 44
16 53
13 21
28 41
48 56
14 42
1 61
9 35
15 18
41 58
6 22
13 38
47 52
17 57
28 57
19 54
27 46
22 26
34 45
3 40
27 49
36 51
0 29
35 63
17 52
51 54
7 26
20 63
4 9
18 55
33 50
24 49
11 34
2 58
30 40
21 31
8 59
12 44
7 45
10 31
29 32
32 33
24 30
53 56
37 38
2 3
5 48
1 6
23 47
16 61
25 62
12 39
5 23
8 50
36 60
10 43
0 43
39 59
4 25
15 37
42 62
20 55
9 11
14 30
10 29
18 51
15 34
7 54
6 47
5 11
21 23
53 63
13 54
14 56
8 40
31 52
13 31
38 44
32 37
46 55
16 35
6 35
36 46
8 39
3 41
3 60
17 26
52 55
26 40
10 18
21 44
34 37
42 58
22 51
2 47
43 58
23 28
15 32
20 45
22 49
28 48
27 41
20 24
12 30
16 19
0 61
29 49
2 63
27 57
38 59
5 50
4 45
36 39
53 59
12 50
24 56
7 43
17 42
33 48
25 61
4 62
9 57
1 60
1 19
33 62
0 25
64 128 0
0 0 0 0 0 0 0 0 0 0 0 0 0 0 0 0 0 0 0 0 0 0 0 0 0 0 0 0 0 0 0 0 0 0 0 0 0 0 0 0 0 0 0 0 0 0 0 0 0 0 0 0 0 0 0 0 0 0 0 0 0 0 0 0
10 14
8 16
14 29
12 18
23 53
33 58
25 58
1 4
42 63
5 39
13 41
0 26
57 60
19 60
31 37
4 27
5 62
17 37
16 59
6 19
15 36
3 56
7 9
40 46
21 44
2 38
29 39
2 26
23 61
11 25
9 54
20 50
22 45
35 48
8 49
7 62
36 46
28 49
34 50
38 52
24 33
18 55
41 44
51 63
6 43
15 42
30 56
12 35
11 30
10 47
32 51
1 48
57 61
27 34
52 54
20 40
3 22
31 45
21 32
24 55
28 47
13 59
43 53
0 17
11 16
4 33
1 24
22 47
4 52
16 26
7 48
22 63
2 52
55 63
6 56
30 59
8 34
40 42
27 35
9 28
9 31
12 53
33 57
20 21
15 24
40 45
5 14
17 31
45 51
2 34
15 43
8 19
18 46
21 47
44 54
13 58
3 54
58 62
3 13
7 10
1 5
30 37
12 39
36 61
6 18
36 38
19 38
29 41
20 59
17 57
32 53
11 28
0 35
29 55
41 46
44 62
37 39
27 60
10 23
48 61
23 60
14 50
26 51
25 56
0 25
43 49
42 49
32 50
64 128 0
0 0 0 0 0 0 0 0 0 0 0 0 0 0 0 0 0 0 0 0 0 0 0 0 0 0 0 0 0 0 0 0 0 0 0 0 0 0 0 0 0 0 0 0 0 0 0 0 0 0 0 0 0 0 0 0 0 0 0 0 0 0 0 0
24 59
13 15
18 29
31 62
14 36
46 50
40 45
23 47
5 62
12 52
31 53
0 22
28 51
14 32
50 61
40 41
23 49
3 35
17 21
3 57
10 17
15 26
13 56
8 22
16 43
24 28
30 44
29 58
30 45
27 61
21 60
6 25
2 63
4 39
20 41
38 42
4 20
11 43
19 27
48 51
32 42
37 55
9 39
46 53
19 34
54 58
1 12
38 52
44 54
35 60
5 37
0 1
7 8
25 26
36 56
11 33
6 59
34 55
33 63
7 48
47 49
9 18
10 16
2 57
10 22
1 26
20 25
32 53
50 56
15 57
30 51
14 39
13 50
3 36
2 28
34 42
27 45
5 8
8 59
5 57
42 48
15 46
7 24
43 61
44 46
26 35
9 11
16 49
13 37
12 37
40 43
10 55
30 63
16 62
0 28
0 39
22 62
45 63
6 24
29 33
21 52
47 61
23 32
20 29
3 12
49 58
31 36
25 31
14 41
35 59
33 44
18 58
21 23
6 7
2 41
18 53
9 40
19 38
4 17
34 54
19 51
48 54
56 60
55 60
11 17
4 38
27 47
1 52
64 128 0
0 0 0 0 0 0 0 0 0 0 0 0 0 0 0 0 0 0 0 0 0 0 0 0 0 0 0 0 0 0 0 0 0 0 0 0 0 0 0 0 0 0 0 0 0 0 0 0 0 0 0 0 0 0 0 0 0 0 0 0 0 0 0 0
25 51
41 63
34 43
5 52
14 48
28 30
7 33
18 57
23 56
60 63
33 44
37 61
14 16
17 35
3 25
20 43
12 31
15 34
10 41
21 53
2 61
7 59
31 45
11 32
26 30
2 60
49 54
8 29
27 39
6 28
19 50
13 48
9 53
47 62
11 55
3 23
0 29
8 40
17 26
38 42
6 35
42 58
38 46
9 44
36 54
36 47
27 56
5 22
0 18
12 22
40 57
45 52
1 19
4 21
4 10
49 55
15 50
24 37
1 32
13 58
24 62
16 46
51 59
20 39
6 47
61 62
34 60
25 31
17 60
33 48
21 27
0 19
3 57
24 36
30 56
14 59
54 56
3 22
18 52
16 53
7 46
43 58
6 43
28 32
44 51
13 47
15 63
27 38
10 26
10 35
8 14
37 38
2 55
7 55
29 54
1 45
33 39
28 44
22 62
0 30
53 57
26 45
37 42
12 58
4 41
23 35
24 32
9 20
19 29
50 51
59 63
49 50
11 31
1 52
12 48
17 36
11 46
5 20
5 15
23 42
2 21
25 41
34 40
13 39
9 40
4 18
8 49
16 61
64 128 0
0 0 0 0 0 0 0 0 0 0 0 0 0 0 0 0 0 0 0 0 0 0 0 0 0 0 0 0 0 0 0 0 0 0 0 0 0 0 0 0 0 0 0 0 0 0 0 0 0 0 0 0 0 0 0 0 0 0 0 0 0 0 0 0
39 55
8 10
15 48
21 63
44 58
14 34
41 45
8 61
20 53
11 57
12 48
29 52
16 41
11 56
6 50
47 51
43 46
25 50
32 33
13 34
23 54
16 40
32 39
17 53
10 60
45 61
7 49
14 25
2 36
42 63
3 26
38 51
55 56
19 37
1 17
26 31
2 54
40 62
20 29
12 35
19 23
28 44
4 7
21 24
9 59
9 27
6 30
46 47
22 43
28 62
5 18
0 15
4 33
1 35
37 60
30 58
0 13
18 31
22 38
42 59
24 57
36 52
3 49
5 27
22 28
27 48
1 47
30 37
14 44
6 17
31 32
13 59
9 43
15 21
37 54
54 57
48 52
2 60
18 52
46 53
3 62
19 49
19 42
7 26
24 50
0 45
29 38
25 39
17 21
28 61
4 13
36 41
5 55
42 56
10 24
14 62
23 51
7 35
34 63
32 53
8 44
30 40
31 49
12 29
40 58
47 55
33 61
12 57
16 58
22 51
16 36
11 45
11 18
27 35
6 8
46 56
0 63
1 34
3 4
41 60
2 10
23 50
33 43
9 20
15 20
5 25
26 38
39 59
64 128 0
0 0 0 0 0 0 0 0 0 0 0 0 0 0 0 0 0 0 0 0 0 0 0 0 0 0 0 0 0 0 0 0 0 0 0 0 0 0 0 0 0 0 0 0 0 0 0 0 0 0 0 0 0 0 0 0 0 0 0 0 0 0 0 0
27 63
15 17
23 59
26 62
32 37
21 56
11 45
2 24
1 50
15 39
34 57
4 9
7 23
30 62
25 54
3 43
16 21
35 36
12 35
11 16
6 60
28 41
33 53
39 52
43 58
30 40
18 48
10 31
37 61
4 8
22 24
2 46
47 50
10 49
34 49
7 40
33 45
25 44
14 36
32 47
0 13
38 42
48 56
53 63
38 57
8 19
5 58
5 46
9 44
29 41
0 51
19 29
20 52
13 59
17 18
14 42
26 60
20 31
1 12
22 51
28 54
27 55
55 61
3 6
4 12
7 43
13 47
14 26
28 40
5 54
41 46
44 52
2 18
36 59
29 47
34 41
28 31
37 43
16 56
11 36
10 33
45 58
59 60
2 38
1 58
6 26
15 19
15 53
10 50
61 63
22 34
55 56
8 21
37 57
30 49
30 48
19 45
23 24
7 39
40 52
25 53
54 62
11 18
29 57
33 60
24 49
1 35
0 4
5 48
22 27
23 51
3 32
21 46
51 61
6 17
0 62
25 38
16 55
13 39
14 17
9 35
12 44
9 32
3 50
31 63
27 42
8 20
20 42
64 128 0
0 0 0 0 0 0 0 0 0 0 0 0 0 0 0 0 0 0 0 0 0 0 0 0 0 0 0 0 0 0 0 0 0 0 0 0 0 0 0 0 0 0 0 0 0 0 0 0 0 0 0 0 0 0 0 0 0 0 0 0 0 0 0 0
27 45
11 32
17 40
40 55
22 59
44 48
30 39
15 24
18 47
18 43
31 56
14 62
50 61
22 52
33 38
2 52
6 30
9 42
43 53
34 53
25 31
16 36
11 14
23 26
34 47
37 48
5 35
4 7
17 41
6 10
7 51
20 29
23 33
12 27
56 60
3 59
21 55
1 24
3 63
0 5
19 50
9 41
13 57
36 37
8 19
1 32
54 62
4 63
38 44
16 39
2 45
21 28
28 54
26 57
29 51
0 20
8 46
12 58
13 25
15 58
10 60
46 49
49 61
35 42
11 39
3 40
46 54
7 60
51 62
21 59
46 53
2 4
17 49
35 38
36 62
0 48
33 52
42 63
14 23
2 12
24 55
22 43
55 59
38 43
22 48
6 16
1 27
3 36
21 47
18 23
32 60
25 58
7 61
5 63
8 16
1 10
15 47
41 61
5 58
25 28
31 34
29 40
42 56
49 57
12 33
26 28
4 37
26 50
19 52
6 50
14 34
32 44
17 44
18 27
39 51
37 54
29 31
10 30
19 45
0 24
8 20
13 41
11 30
9 57
15 20
13 56
9 35
45 53
64 128 0
0 0 0 0 0 0 0 0 0 0 0 0 0 0 0 0 0 0 0 0 0 0 0 0 0 0 0 0 0 0 0 0 0 0 0 0 0 0 0 0 0 0 0 0 0 0 0 0 0 0 0 0 0 0 0 0 0 0 0 0 0 0 0 0
3 34
22 40
27 62
27 61
35 52
30 35
30 54
14 62
48 50
6 46
24 49
41 45
25 32
3 38
22 25
23 40
4 43
7 12
2 48
5 9
29 37
5 57
8 13
20 53
45 51
36 39
1 17
16 49
18 61
1 11
38 42
59 63
8 15
34 42
21 28
0 58
19 63
13 60
16 21
24 33
18 52
14 46
44 50
6 51
31 47
56 57
31 59
11 19
10 37
0 12
23 53
4 44
43 55
10 55
26 39
32 33
7 17
2 9
29 54
36 47
20 56
41 58
28 60
15 26
12 59
40 47
11 57
15 45
13 16
5 28
36 42
4 25
17 61
25 30
14 42
32 58
3 46
34 50
7 50
10 31
21 45
21 30
46 52
18 48
51 62
19 55
44 56
13 58
8 39
16 53
0 60
34 55
6 37
11 54
36 57
9 43
2 26
0 40
18 20
9 26
1 27
38 51
39 49
5 56
23 35
43 47
6 61
12 60
10 33
17 62
29 31
29 38
3 7
35 44
4 63
32 49
27 54
22 24
14 41
52 59
19 41
1 63
22 48
28 37
23 24
20 33
2 8
15 53
64 128 0
0 0 0 0 0 0 0 0 0 0 0 0 0 0 0 0 0 0 0 0 0 0 0 0 0 0 0 0 0 0 0 0 0 0 0 0 0 0 0 0 0 0 0 0 0 0 0 0 0 0 0 0 0 0 0 0 0 0 0 0 0 0 0 0
8 40
24 31
10 14
5 20
20 31
15 29
3 40
7 42
0 60
33 53
16 62
25 61
12 58
17 44
53 55
27 42
39 46
2 15
37 44
23 34
22 55
35 36
1 25
9 18
28 45
22 52
0 4
47 56
32 48
2 58
9 36
34 39
6 12
30 60
26 32
46 51
4 54
61 63
56 57
6 51
13 21
14 59
38 59
1 43
7 8
28 54
41 63
23 57
3 43
17 49
5 47
11 21
48 62
16 19
30 45
19 52
29 49
13 27
18 37
38 50
35 50
11 41
26 33
10 24
17 51
2 45
31 42
9 35
18 25
8 27
34 62
43 55
12 14
17 36
10 49
3 45
11 60
26 44
32 61
37 56
15 49
27 53
23 30
1 59
2 25
22 53
28 60
5 54
61 62
4 15
7 52
19 47
3 33
11 35
51 63
37 40
0 13
6 34
50 63
41 57
40 44
22 58
4 31
8 19
23 29
5 48
16 46
28 58
21 24
7 18
6 20
0 57
20 48
38 47
29 42
10 39
32 38
16 55
21 30
1 50
26 54
12 52
14 56
36 41
13 46
39 43
24 33
9 59
64 128 0
0 0 0 0 0 0 0 0 0 0 0 0 0 0 0 0 0 0 0 0 0 0 0 0 0 0 0 0 0 0 0 0 0 0 0 0 0 0 0 0 0 0 0 0 0 0 0 0 0 0 0 0 0 0 0 0 0 0 0 0 0 0 0 0
24 52
51 57
13 23
9 45
5 16
48 59
7 18
34 37
27 38
27 56
25 62
26 39
7 49
3 42
4 44
29 31
55 56
35 47
9 53
12 14
18 33
0 50
2 54
0 12
22 55
8 21
17 26
14 50
29 60
6 35
15 37
57 59
38 48
22 23
11 33
8 36
25 46
3 30
28 46
53 61
39 42
28 31
41 62
10 11
30 63
6 60
19 41
19 20
15 61
24 36
43 51
21 58
17 32
5 54
1 34
32 49
1 40
2 58
16 52
47 63
4 43
20 44
40 45
10 13
30 58
17 23
37 42
17 18
16 59
3 45
35 62
44 63
6 46
22 33
12 27
6 13
33 57
34 48
14 23
35 56
31 51
10 41
24 25
53 63
16 61
0 2
28 54
38 50
15 45
29 49
26 32
7 19
60 61
20 24
31 36
1 2
51 55
30 39
27 53
9 15
0 60
9 39
8 52
13 44
18 57
4 34
25 49
7 11
4 48
10 42
19 21
43 47
14 59
5 29
22 40
32 37
5 20
28 36
21 26
12 58
3 46
38 52
40 62
8 43
11 41
54 55
1 50
47 56
64 128 0
0 0 0 0 0 0 0 0 0 0 0 0 0 0 0 0 0 0 0 0 0 0 0 0 0 0 0 0 0 0 0 0 0 0 0 0 0 0 0 0 0 0 0 0 0 0 0 0 0 0 0 0 0 0 0 0 0 0 0 0 0 0 0 0
25 51
18 55
24 49
30 53
5 23
28 60
1 46
45 62
36 37
11 52
15 41
0 2
49 58
10 42
35 57
2 5
19 43
15 17
1 4
22 23
25 47
31 38
4 22
40 54
37 50
7 30
48 58
13 31
3 8
8 63
16 20
0 34
16 24
39 54
9 36
40 56
6 26
41 57
33 38
12 21
13 59
14 19
20 21
7 32
48 53
28 62
12 59
47 63
34 51
32 42
11 55
6 39
29 46
33 60
10 14
27 61
26 43
27 44
3 52
17 18
35 50
9 61
45 56
29 44
12 47
29 48
16 58
41 50
36 42
24 57
0 30
15 28
31 56
6 28
21 34
34 58
11 26
20 55
35 51
10 15
17 52
1 37
18 21
7 19
2 9
2 51
31 35
13 33
43 50
1 20
5 61
30 48
40 46
43 56
11 63
8 24
4 23
14 17
9 27
32 44
60 63
10 26
39 60
36 45
3 55
38 54
44 52
8 23
16 53
32 49
6 38
25 39
3 42
33 46
41 45
12 62
7 27
18 59
5 29
25 54
22 53
0 57
14 62
19 61
13 37
49 59
22 40
4 47
64 128 0
0 0 0 0 0 0 0 0 0 0 0 0 0 0 0 0 0 0 0 0 0 0 0 0 0 0 0 0 0 0 0 0 0 0 0 0 0 0 0 0 0 0 0 0 0 0 0 0 0 0 0 0 0 0 0 0 0 0 0 0 0 0 0 0
5 27
30 34
12 22
0 55
14 19
23 40
7 17
21 52
32 34
15 62
28 42
55 56
20 24
13 56
1 12
10 33
3 47
6 9
7 52
35 36
41 59
54 60
26 47
10 31
29 58
48 53
26 40
31 63
29 37
13 62
2 51
9 24
45 46
2 18
5 59
8 54
14 25
8 15
22 50
19 33
57 63
53 61
3 43
30 60
16 46
0 17
39 45
25 49
11 37
39 49
16 42
43 48
4 38
11 20
35 41
44 50
44 61
4 23
28 51
27 57
21 36
38 58
6 18
1 32
16 39
3 27
7 50
25 50
42 53
15 28
47 58
12 14
36 51
8 56
1 17
20 59
2 55
19 25
20 29
19 60
47 56
10 35
26 35
13 40
9 18
24 54
16 38
6 37
15 30
41 62
57 62
38 43
32 49
36 44
31 46
58 59
4 52
4 28
5 10
18 34
55 61
32 39
8 13
14 17
27 40
7 48
52 53
0 37
23 42
6 31
22 54
21 22
21 60
33 57
29 48
24 63
11 30
2 12
23 51
3 46
49 61
34 44
0 33
9 11
5 45
43 45
1 26
41 63
64 128 0
0 0 0 0 0 0 0 0 0 0 0 0 0 0 0 0 0 0 0 0 0 0 0 0 0 0 0 0 0 0 0 0 0 0 0 0 0 0 0 0 0 0 0 0 0 0 0 0 0 0 0 0 0 0 0 0 0 0 0 0 0 0 0 0
5 36
54 63
15 18
4 21
40 58
15 31
41 49
24 31
29 52
25 26
12 44
7 37
40 59
6 18
10 34
14 43
4 14
17 46
22 33
8 51
9 45
11 48
12 50
3 6
0 45
47 52
7 62
46 60
34 58
26 27
27 63
20 55
35 55
19 33
22 59
23 56
17 32
3 5
1 2
11 25
39 60
39 42
23 38
32 42
1 49
21 28
16 56
2 20
47 57
29 61
37 57
16 24
8 53
19 43
51 53
13 48
0 9
30 38
30 62
35 50
13 61
10 41
44 54
28 36
29 34
18 44
49 59
38 60
48 59
10 50
15 40
37 38
8 14
46 57
5 60
17 28
5 16
26 36
22 29
9 17
3 12
45 56
55 61
7 45
0 49
11 18
8 62
25 32
31 41
23 27
21 27
20 35
30 51
42 46
31 57
25 48
37 52
15 22
13 19
4 53
32 47
23 30
7 21
39 63
6 26
16 52
6 56
9 14
13 43
19 55
4 24
44 53
12 51
1 58
1 35
34 50
33 42
24 43
10 39
41 47
0 58
2 63
54 62
28 54
3 11
36 40
2 61
20 33
64 128 0
0 0 0 0 0 0 0 0 0 0 0 0 0 0 0 0 0 0 0 0 0 0 0 0 0 0 0 0 0 0 0 0 0 0 0 0 0 0 0 0 0 0 0 0 0 0 0 0 0 0 0 0 0 0 0 0 0 0 0 0 0 0 0 0
42 52
0 19
14 56
44 63
5 10
15 60
17 39
2 10
36 62
23 26
13 47
31 61
29 36
14 50
33 59
1 5
16 31
8 38
18 54
8 19
3 49
33 48
34 58
17 28
6 58
12 53
23 25
6 39
7 20
41 63
0 57
4 34
43 62
1 57
26 38
40 45
11 24
15 52
37 45
11 53
49 54
27 28
35 60
18 55
25 47
16 21
9 43
41 51
13 44
9 20
7 55
59 61
21 46
32 46
22 32
42 50
40 56
22 30
12 51
2 4
35 48
3 37
24 27
29 30
20 48
12 18
13 22
18 34
37 60
8 53
11 14
2 50
2 23
47 57
4 63
45 56
39 52
28 40
16 58
10 55
22 29
27 46
20 51
0 11
55 59
17 25
16 56
41 61
26 39
1 26
4 52
33 51
37 44
30 42
24 49
14 30
12 17
38 54
0 10
21 35
1 53
5 21
9 34
3 61
48 62
31 43
36 50
7 28
6 35
8 49
54 60
19 36
6 29
5 32
7 62
32 59
3 25
27 63
13 57
33 43
15 47
23 38
31 58
15 40
24 46
9 19
44 45
41 42
64 128 0
0 0 0 0 0 0 0 0 0 0 0 0 0 0 0 0 0 0 0 0 0 0 0 0 0 0 0 0 0 0 0 0 0 0 0 0 0 0 0 0 0 0 0 0 0 0 0 0 0 0 0 0 0 0 0 0 0 0 0 0 0 0 0 0
35 39
48 59
7 19
31 61
10 34
5 29
34 47
2 45
22 23
15 57
3 23
57 63
20 36
20 53
15 17
25 43
14 55
8 14
18 21
21 49
38 56
11 46
0 6
31 37
36 43
33 61
41 53
24 27
16 55
11 29
18 46
7 30
3 48
4 8
37 56
2 26
13 27
22 50
26 47
38 40
0 12
42 54
9 41
39 59
1 4
24 60
16 17
35 54
60 62
9 40
44 50
28 51
28 32
19 45
52 63
32 51
6 12
30 58
33 62
1 52
25 42
10 49
5 44
13 58
7 40
10 24
30 60
0 13
16 61
7 36
33 54
2 47
21 52
35 52
20 28
14 37
51 62
5 22
29 38
23 33
49 54
12 32
15 48
17 31
31 48
19 51
40 43
6 35
32 58
2 63
3 25
8 39
14 50
9 62
11 30
43 55
10 45
20 34
45 46
16 42
27 57
42 44
13 38
26 53
0 24
18 22
28 34
11 12
25 46
27 63
49 50
1 15
18 57
5 39
3 59
17 61
9 56
4 26
41 60
1 37
21 36
19 23
6 47
41 58
29 44
4 55
8 53
56 59
64 128 0
0 0 0 0 0 0 0 0 0 0 0 0 0 0 0 0 0 0 0 0 0 0 0 0 0 0 0 0 0 0 0 0 0 0 0 0 0 0 0 0 0 0 0 0 0 0 0 0 0 0 0 0 0 0 0 0 0 0 0 0 0 0 0 0
34 60
62 63
35 50
9 23
33 61
3 32
55 58
50 60
2 42
47 48
28 39
33 51
26 35
16 22
32 44
39 51
1 15
15 18
23 61
22 59
6 9
10 40
7 45
41 43
31 38
31 54
0 1
12 57
19 48
19 20
27 58
8 37
8 17
17 63
13 43
14 24
36 56
30 53
5 38
29 46
12 18
53 54
7 62
49 56
4 16
30 59
37 46
20 28
25 44
2 10
4 36
45 52
27 55
6 25
21 47
14 42
24 57
0 40
11 26
29 52
13 21
5 49
3 41
11 34
0 12
43 45
31 55
31 42
28 37
4 23
2 40
10 32
3 62
22 53
15 36
3 52
25 47
14 53
26 50
8 35
41 56
19 27
34 61
7 61
35 49
20 47
7 63
11 23
46 59
28 56
16 60
2 54
44 48
51 52
39 43
10 50
17 39
1 6
15 33
9 21
13 57
18 20
1 5
6 42
25 36
5 60
24 44
34 37
4 62
18 41
26 51
49 58
14 55
11 16
45 59
22 63
8 24
9 40
13 19
27 57
21 38
29 38
17 30
30 32
0 58
12 29
33 46
48 54
64 128 0
0 0 0 0 0 0 0 0 0 0 0 0 0 0 0 0 0 0 0 0 0 0 0 0 0 0 0 0 0 0 0 0 0 0 0 0 0 0 0 0 0 0 0 0 0 0 0 0 0 0 0 0 0 0 0 0 0 0 0 0 0 0 0 0
22 42
4 54
7 40
23 49
10 27
8 20
28 47
61 62
42 58
22 35
1 25
0 18
6 9
48 55
5 11
3 11
6 57
24 39
13 55
44 59
20 43
3 23
30 62
44 63
46 52
53 56
43 63
31 34
5 49
8 41
16 58
14 60
41 53
16 21
10 50
4 33
15 27
26 51
29 37
46 56
2 38
34 61
14 51
1 57
31 37
38 52
12 24
15 17
30 47
0 12
45 48
7 18
32 40
17 39
32 33
13 28
29 45
2 54
35 36
9 59
21 26
19 25
19 60
36 50
37 51
21 56
5 36
43 46
10 29
38 62
14 20
17 27
9 52
9 23
19 36
5 44
25 47
10 58
20 56
1 55
23 52
11 40
33 62
26 33
49 53
3 24
2 59
51 61
13 37
14 53
21 55
1 48
0 41
22 45
15 28
60 63
3 31
12 18
30 43
2 6
44 49
6 59
26 38
35 50
15 54
22 32
35 58
25 40
41 46
11 12
24 63
16 39
7 39
34 47
31 50
42 60
16 42
4 57
7 45
8 61
4 32
28 48
19 57
34 54
18 29
27 30
0 17
8 13
64 128 0
0 0 0 0 0 0 0 0 0 0 0 0 0 0 0 0 0 0 0 0 0 0 0 0 0 0 0 0 0 0 0 0 0 0 0 0 0 0 0 0 0 0 0 0 0 0 0 0 0 0 0 0 0 0 0 0 0 0 0 0 0 0 0 0
3 22
2 18
4 33
34 60
31 59
31 55
12 32
18 24
14 24
38 58
25 34
36 53
29 44
51 56
4 46
40 44
37 54
17 54
3 9
6 29
32 53
19 41
36 47
22 39
19 23
15 63
38 47
51 52
7 46
7 9
45 62
20 55
16 52
12 37
0 8
2 13
16 45
50 61
25 61
33 41
8 28
57 59
21 26
0 58
5 21
14 17
30 56
10 27
48 62
30 63
1 39
42 50
43 60
11 28
5 6
15 48
26 35
10 23
13 42
11 35
27 57
1 49
20 49
40 43
2 57
10 55
45 53
12 59
28 34
11 58
14 30
29 40
15 50
34 62
6 25
22 28
13 48
2 8
39 63
15 44
6 46
13 24
0 9
42 61
39 51
10 60
21 38
7 41
12 57
11 16
25 47
18 52
9 32
1 58
17 61
33 63
49 53
43 45
23 50
26 52
17 33
7 54
30 37
5 31
8 47
29 31
23 26
4 36
1 42
35 56
49 56
35 41
0 3
38 44
14 20
3 20
24 54
27 36
5 32
40 48
16 43
21 60
19 46
18 55
4 22
27 62
19 59
37 51
64 128 0
0 0 0 0 0 0 0 0 0 0 0 0 0 0 0 0 0 0 0 0 0 0 0 0 0 0 0 0 0 0 0 0 0 0 0 0 0 0 0 0 0 0 0 0 0 0 0 0 0 0 0 0 0 0 0 0 0 0 0 0 0 0 0 0
39 62
40 56
16 46
38 52
1 43
20 48
24 63
0 26
8 33
35 53
27 35
43 49
47 55
10 30
23 50
3 13
28 41
30 34
23 27
31 45
14 44
44 56
7 24
4 58
53 57
21 61
21 31
19 41
19 22
15 37
11 51
38 51
4 46
13 42
2 5
15 40
16 39
11 54
6 7
34 55
29 45
0 1
29 32
28 58
8 59
48 60
5 33
6 59
12 60
17 25
37 54
36 61
17 62
9 18
9 26
32 47
12 42
20 22
14 57
25 49
2 10
18 50
3 63
36 52
6 48
17 33
10 19
15 59
48 56
22 53
42 61
47 52
31 49
1 5
5 30
8 31
14 20
25 40
27 36
23 38
8 49
46 51
0 37
10 38
15 43
1 28
17 44
7 45
50 57
20 54
35 59
11 13
0 60
36 46
19 58
34 50
42 52
6 62
18 62
16 53
41 56
21 23
4 33
40 47
11 12
13 55
25 54
21 58
39 51
2 29
14 63
32 60
18 43
9 55
12 44
4 39
2 3
16 24
41 61
26 34
26 30
28 29
9 57
7 37
35 63
22 32
3 27
24 45
64 128 0
0 0 0 0 0 0 0 0 0 0 0 0 0 0 0 0 0 0 0 0 0 0 0 0 0 0 0 0 0 0 0 0 0 0 0 0 0 0 0 0 0 0 0 0 0 0 0 0 0 0 0 0 0 0 0 0 0 0 0 0 0 0 0 0
44 53
14 23
41 56
3 35
45 48
16 35
14 51
46 60
4 30
26 31
55 59
36 38
4 28
2 20
6 28
3 12
29 49
8 34
33 61
49 61
12 57
33 40
27 42
25 62
31 46
9 24
50 53
22 36
10 60
13 54
39 47
5 19
19 30
7 26
11 21
17 55
0 13
1 24
11 48
32 62
39 57
37 63
22 54
7 37
32 63
17 59
21 25
29 47
42 43
1 43
45 52
15 34
0 9
15 56
6 44
51 52
20 58
2 58
16 18
10 50
5 40
8 41
27 38
18 23
0 62
27 48
3 62
33 42
10 55
11 53
19 40
43 46
11 20
51 54
12 28
32 49
13 18
35 61
7 41
24 58
30 45
38 58
12 25
20 21
18 29
7 14
29 57
45 61
3 15
1 48
16 43
22 44
54 60
36 55
26 42
15 16
23 47
4 31
2 6
37 60
8 10
22 41
33 49
8 23
26 44
9 52
39 53
30 59
2 17
5 27
50 63
1 39
25 34
35 52
40 59
0 37
34 56
56 63
17 19
5 46
6 36
28 31
24 38
47 51
21 32
9 57
4 50
13 14
64 128 0
0 0 0 0 0 0 0 0 0 0 0 0 0 0 0 0 0 0 0 0 0 0 0 0 0 0 0 0 0 0 0 0 0 0 0 0 0 0 0 0 0 0 0 0 0 0 0 0 0 0 0 0 0 0 0 0 0 0 0 0 0 0 0 0
14 24
17 59
46 54
7 60
5 38
3 59
40 46
0 34
23 50
21 37
26 28
30 50
21 35
20 34
16 47
19 47
22 57
6 38
25 44
11 26
2 19
9 55
43 55
2 33
12 39
29 52
14 53
6 35
22 53
25 36
27 43
15 44
18 20
24 39
8 45
8 36
37 41
45 63
51 60
1 7
41 42
13 54
3 52
23 31
17 57
15 28
0 56
33 40
12 29
5 32
27 58
48 63
16 18
11 51
32 56
4 61
4 31
1 49
61 62
10 13
9 58
10 42
48 49
30 62
17 37
15 39
29 60
13 35
7 47
26 36
11 12
29 32
14 33
22 63
27 49
26 44
35 43
4 28
6 21
11 42
10 33
18 61
23 45
23 34
3 56
9 52
4 53
31 52
3 9
38 48
27 47
28 45
19 61
8 37
40 41
19 57
39 63
16 46
5 60
46 55
25 42
0 22
1 24
20 30
5 43
6 57
1 62
12 31
51 56
16 50
41 54
8 49
13 32
21 59
2 25
24 58
30 53
14 38
0 7
15 55
10 40
20 58
36 59
34 51
44 62
2 48
18 50
17 54
64 128 0
0 0 0 0 0 0 0 0 0 0 0 0 0 0 0 0 0 0 0 0 0 0 0 0 0 0 0 0 0 0 0 0 0 0 0 0 0 0 0 0 0 0 0 0 0 0 0 0 0 0 0 0 0 0 0 0 0 0 0 0 0 0 0 0
43 63
42 62
6 13
8 59
22 46
5 8
35 58
4 41
3 42
20 61
44 60
9 52
24 48
28 34
19 63
15 31
20 58
0 6
12 35
0 53
5 25
9 13
49 54
41 50
29 36
1 62
7 39
43 44
18 51
12 33
27 45
26 50
49 57
2 32
34 59
21 45
36 37
27 30
10 55
1 51
2 54
23 48
11 17
32 57
38 55
29 37
25 47
14 46
19 60
15 30
11 16
3 24
39 56
38 47
33 61
4 7
18 28
53 56
40 52
10 21
22 26
16 17
14 31
23 40
6 10
1 18
36 41
8 50
9 38
39 50
15 58
53 62
7 55
0 37
40 62
2 16
31 48
43 47
30 41
44 61
42 54
10 57
11 20
23 34
28 38
51 59
5 19
21 32
45 46
49 56
32 40
15 44
35 49
11 13
2 52
36 39
19 29
5 54
51 63
20 28
18 35
47 59
3 60
7 42
1 25
29 30
17 25
48 55
12 52
17 60
6 24
31 58
22 33
22 63
12 27
0 26
14 57
14 24
45 61
13 53
26 33
3 23
4 34
4 37
21 27
8 46
9 16
43 56
64 128 0
0 0 0 0 0 0 0 0 0 0 0 0 0 0 0 0 0 0 0 0 0 0 0 0 0 0 0 0 0 0 0 0 0 0 0 0 0 0 0 0 0 0 0 0 0 0 0 0 0 0 0 0 0 0 0 0 0 0 0 0 0 0 0 0
31 63
35 42
42 45
55 63
4 52
14 41
0 22
11 54
26 60
17 23
15 56
46 50
24 30
9 24
53 60
15 21
37 59
13 21
11 35
10 12
18 44
18 54
14 29
61 62
5 13
27 38
25 26
17 49
36 47
23 40
6 51
19 36
37 58
0 34
3 43
8 46
2 22
20 61
5 49
1 28
19 44
25 27
8 39
6 39
51 57
7 12
9 47
41 48
16 29
30 32
33 38
20 56
34 53
43 58
2 50
33 57
28 48
31 32
4 59
16 55
3 10
7 45
52 62
1 40
12 58
41 43
5 33
1 22
10 31
8 47
10 37
25 45
47 61
20 62
11 15
19 39
18 53
6 18
17 27
5 27
8 51
30 39
20 23
33 52
38 59
3 57
44 54
55 56
17 63
32 37
35 49
28 35
26 34
54 57
59 60
3 7
24 36
44 50
21 51
48 50
6 22
15 55
16 53
29 62
23 24
4 28
40 61
9 32
0 58
46 63
40 52
43 56
0 2
38 60
12 13
2 26
4 30
14 48
31 34
1 16
14 49
19 42
11 42
21 46
36 45
13 29
7 41
9 25
64 128 0
0 0 0 0 0 0 0 0 0 0 0 0 0 0 0 0 0 0 0 0 0 0 0 0 0 0 0 0 0 0 0 0 0 0 0 0 0 0 0 0 0 0 0 0 0 0 0 0 0 0 0 0 0 0 0 0 0 0 0 0 0 0 0 0
22 61
22 46
23 29
0 40
26 48
19 41
38 39
3 24
0 8
12 25
7 9
6 42
12 45
27 55
3 55
20 38
15 56
4 10
13 36
30 47
2 61
15 17
18 28
21 51
40 57
26 43
11 31
35 58
25 54
6 62
33 63
9 16
50 52
14 58
21 60
2 4
28 49
47 51
37 41
44 59
1 34
5 34
5 43
32 63
16 49
8 33
7 56
20 45
35 54
29 37
19 27
30 59
42 46
13 50
31 36
44 52
11 48
1 53
14 62
23 60
18 39
17 32
24 53
10 57
15 35
15 31
27 39
27 50
22 56
19 58
19 31
13 30
21 63
24 58
20 24
26 60
26 36
45 55
5 57
20 59
6 30
23 44
39 45
14 60
6 38
9 36
21 41
28 51
18 37
2 28
1 11
7 29
42 57
13 40
9 47
3 14
17 37
18 51
11 62
43 62
17 35
5 50
3 61
25 46
16 46
0 63
0 2
44 48
34 41
8 22
8 49
53 61
47 56
34 59
10 25
16 42
23 54
43 54
32 49
4 29
12 52
7 33
32 38
12 40
48 52
1 10
33 55
4 53
64 128 0
0 0 0 0 0 0 0 0 0 0 0 0 0 0 0 0 0 0 0 0 0 0 0 0 0 0 0 0 0 0 0 0 0 0 0 0 0 0 0 0 0 0 0 0 0 0 0 0 0 0 0 0 0 0 0 0 0 0 0 0 0 0 0 0
18 48
6 43
31 53
1 8
11 37
38 45
12 23
32 34
32 49
4 63
4 58
62 63
22 46
3 28
10 60
27 61
13 56
7 53
14 48
7 36
5 8
25 40
0 10
24 37
41 42
16 30
26 30
16 62
18 43
1 27
17 19
2 12
39 50
39 56
52 61
20 51
15 45
0 49
3 22
36 54
47 60
35 44
5 41
24 54
42 46
28 52
33 35
38 58
44 59
21 55
9 25
23 57
21 59
6 34
11 33
2 13
20 31
50 55
40 57
15 47
29 51
17 26
14 19
9 29
26 49
10 11
1 30
20 61
18 24
5 54
33 39
10 52
52 55
43 58
31 59
39 45
7 29
15 18
30 63
19 24
20 60
5 16
2 53
50 56
12 56
0 15
9 45
8 25
29 35
6 12
14 46
8 38
25 60
36 47
1 42
2 40
3 4
4 28
49 55
0 19
26 57
35 51
40 44
48 54
9 34
16 37
32 36
23 38
21 41
17 47
27 42
31 63
33 43
41 57
6 44
46 51
17 58
22 62
28 59
13 37
27 53
61 62
3 48
14 50
22 23
13 34
11 32
7 21
64 128 0
0 0 0 0 0 0 0 0 0 0 0 0 0 0 0 0 0 0 0 0 0 0 0 0 0 0 0 0 0 0 0 0 0 0 0 0 0 0 0 0 0 0 0 0 0 0 0 0 0 0 0 0 0 0 0 0 0 0 0 0 0 0 0 0
13 60
9 10
52 61
32 40
4 10
3 63
22 27
42 50
13 53
17 18
34 63
11 38
16 20
51 58
14 40
47 55
39 41
12 36
0 31
6 29
25 56
24 31
15 36
23 44
8 25
2 37
21 49
38 57
6 8
26 62
15 50
42 44
5 7
24 48
7 49
11 28
3 41
16 57
26 56
1 28
5 45
27 59
45 46
2 46
37 54
35 52
30 61
1 33
35 48
32 34
21 30
14 19
9 18
39 55
4 43
23 47
29 58
22 62
17 60
53 54
19 51
20 43
33 59
0 12
11 50
53 59
24 38
11 49
25 28
35 40
17 20
9 47
7 18
8 61
21 40
0 7
31 32
22 32
5 37
14 34
33 55
44 52
6 48
23 33
1 51
49 51
0 13
18 26
16 56
9 63
37 45
38 39
35 63
45 53
10 39
23 54
8 56
17 55
3 25
12 48
6 22
27 60
36 52
19 30
1 14
21 46
28 29
15 27
15 60
2 10
20 57
5 34
2 61
43 62
41 57
31 50
16 24
29 30
3 4
42 62
13 41
46 59
47 58
19 43
12 44
36 42
26 54
4 58
64 128 0
0 0 0 0 0 0 0 0 0 0 0 0 0 0 0 0 0 0 0 0 0 0 0 0 0 0 0 0 0 0 0 0 0 0 0 0 0 0 0 0 0 0 0 0 0 0 0 0 0 0 0 0 0 0 0 0 0 0 0 0 0 0 0 0
13 39
3 28
21 61
1 46
51 55
9 53
0 33
12 52
10 22
20 42
40 44
30 58
2 8
21 43
15 46
4 34
11 37
43 45
24 38
27 56
2 7
42 52
5 31
16 37
11 51
30 35
17 41
35 50
14 57
14 26
1 36
6 18
36 48
40 57
25 38
28 53
10 62
17 29
18 54
25 41
0 16
15 58
32 44
24 34
4 6
19 29
50 63
33 59
31 39
7 59
47 49
9 55
23 56
3 19
26 62
54 63
45 49
8 12
47 48
13 60
27 61
20 23
5 60
22 32
15 23
19 36
4 22
15 47
20 61
49 52
24 43
6 51
39 59
22 40
3 26
2 54
29 39
3 31
1 41
11 13
45 48
11 26
0 4
9 50
37 53
6 27
40 53
18 52
14 46
32 34
25 62
47 51
28 42
21 62
33 44
42 57
8 48
50 61
38 55
30 33
23 57
12 31
10 12
17 18
8 24
5 54
17 38
5 36
1 35
0 56
7 20
7 25
27 35
28 44
16 58
19 34
58 63
46 59
14 41
37 60
13 49
29 43
55 56
60 63
9 21
10 32
16 30
2 45
64 128 0
0 0 0 0 0 0 0 0 0 0 0 0 0 0 0 0 0 0 0 0 0 0 0 0 0 0 0 0 0 0 0 0 0 0 0 0 0 0 0 0 0 0 0 0 0 0 0 0 0 0 0 0 0 0 0 0 0 0 0 0 0 0 0 0
13 29
7 51
9 45
2 9
14 44
15 28
50 55
20 49
11 44
18 53
4 13
21 42
7 27
10 60
29 47
28 39
34 35
25 47
8 54
25 32
41 43
41 46
37 63
4 62
37 56
2 61
24 57
16 23
15 17
23 43
26 52
30 55
3 33
1 10
22 30
36 42
3 56
6 51
20 35
21 36
24 48
19 53
5 17
33 54
16 39
12 59
40 48
1 45
6 58
5 27
8 50
38 49
31 60
31 34
12 19
46 52
22 58
0 38
62 63
40 59
26 61
0 11
32 57
14 18
7 42
0 61
9 20
19 35
15 30
19 37
3 59
10 46
1 49
26 39
1 28
10 17
18 40
6 26
4 5
27 49
46 63
20 45
44 51
22 54
6 22
25 38
14 29
11 42
36 60
32 38
5 14
3 13
24 52
8 56
43 57
17 41
11 36
25 33
13 32
27 51
21 47
9 35
2 58
0 28
24 47
15 50
34 48
21 61
43 62
50 60
33 41
30 59
40 58
29 63
23 54
37 53
45 53
4 16
8 12
12 23
16 55
18 39
57 62
34 44
2 31
48 56
7 55
31 52
64 128 0
0 0 0 0 0 0 0 0 0 0 0 0 0 0 0 0 0 0 0 0 0 0 0 0 0 0 0 0 0 0 0 0 0 0 0 0 0 0 0 0 0 0 0 0 0 0 0 0 0 0 0 0 0 0 0 0 0 0 0 0 0 0 0 0
7 49
22 38
12 52
10 36
3 56
42 45
19 33
17 38
54 61
37 39
31 53
11 51
3 24
30 34
34 56
11 57
5 54
25 39
22 59
18 44
30 52
20 21
0 32
17 62
4 46
23 60
26 43
2 47
14 25
35 50
12 53
61 63
41 62
19 36
40 48
2 29
4 42
26 44
7 20
15 33
27 28
5 57
28 58
24 40
23 47
15 21
10 14
18 48
1 8
58 60
1 16
9 51
9 37
41 59
45 63
13 55
46 50
49 55
0 6
31 43
16 35
6 32
8 13
27 29
35 49
1 28
3 48
17 19
42 59
19 35
18 52
50 63
44 63
11 26
4 58
11 33
12 34
18 25
10 40
7 45
22 33
6 21
20 47
5 51
39 51
36 58
27 46
0 12
39 56
14 29
34 38
24 61
30 43
15 23
31 60
16 43
41 50
22 60
26 31
52 57
37 54
2 49
2 57
8 53
8 32
9 29
16 62
0 28
9 47
13 27
10 38
32 40
20 53
13 41
23 37
3 14
5 55
48 56
1 61
17 59
21 55
42 46
7 36
44 45
15 62
25 54
6 24
4 30
64 128 0
0 0 0 0 0 0 0 0 0 0 0 0 0 0 0 0 0 0 0 0 0 0 0 0 0 0 0 0 0 0 0 0 0 0 0 0 0 0 0 0 0 0 0 0 0 0 0 0 0 0 0 0 0 0 0 0 0 0 0 0 0 0 0 0
21 37
27 46
7 57
19 30
34 62
55 60
1 39
41 44
7 26
33 53
21 32
31 59
16 18
14 49
40 53
0 48
0 61
29 35
5 52
27 35
36 56
9 19
25 56
32 48
26 45
39 45
3 10
24 57
23 30
38 41
22 23
15 28
4 50
17 18
4 47
5 49
10 16
20 63
42 61
2 31
8 42
6 11
36 40
2 6
15 43
12 62
34 37
8 59
14 51
54 60
47 51
24 29
20 55
13 58
38 58
9 50
1 25
11 54
12 63
43 44
22 46
13 33
17 28
3 52
17 35
52 59
35 47
21 24
5 12
33 34
3 13
45 57
0 11
53 59
10 15
14 37
25 50
32 34
13 41
2 23
8 52
3 51
0 31
11 31
4 26
6 20
36 62
10 49
19 48
26 27
23 44
40 43
9 20
6 15
40 56
30 42
14 17
27 39
8 54
48 60
38 53
39 49
28 47
12 16
22 50
16 43
2 29
21 58
7 46
18 57
1 55
25 37
4 41
9 61
7 58
55 56
5 63
33 42
44 51
38 46
32 60
28 62
1 24
18 19
54 63
30 61
29 36
22 45
64 128 0
0 0 0 0 0 0 0 0 0 0 0 0 0 0 0 0 0 0 0 0 0 0 0 0 0 0 0 0 0 0 0 0 0 0 0 0 0 0 0 0 0 0 0 0 0 0 0 0 0 0 0 0 0 0 0 0 0 0 0 0 0 0 0 0
53 56
3 33
37 48
15 38
6 46
30 52
19 26
0 34
29 61
21 43
7 59
12 49
23 25
20 54
34 36
57 58
29 55
1 26
48 58
12 62
3 9
14 19
39 54
1 50
14 55
25 56
9 47
18 31
18 49
11 16
13 60
37 51
35 61
22 45
23 46
28 62
8 21
24 42
32 42
16 59
10 20
2 63
13 39
15 30
36 38
31 52
4 35
41 50
51 63
8 11
17 22
32 41
17 44
5 57
44 45
0 5
4 40
33 40
6 53
27 47
2 28
10 60
7 43
24 27
38 58
6 55
9 36
19 50
37 52
37 53
27 43
9 60
5 39
35 39
33 44
28 48
7 22
18 45
32 55
6 10
43 51
1 31
24 59
4 25
14 59
3 42
0 10
41 48
13 54
16 21
41 62
20 51
7 25
11 22
26 56
14 30
11 53
15 21
5 19
12 28
23 63
0 52
17 60
20 57
17 61
2 23
30 47
3 12
29 40
32 46
18 47
1 2
27 42
31 49
29 33
38 40
49 61
15 16
56 58
24 34
35 46
8 44
26 45
36 62
54 63
8 57
34 50
4 13
64 128 0
0 0 0 0 0 0 0 0 0 0 0 0 0 0 0 0 0 0 0 0 0 0 0 0 0 0 0 0 0 0 0 0 0 0 0 0 0 0 0 0 0 0 0 0 0 0 0 0 0 0 0 0 0 0 0 0 0 0 0 0 0 0 0 0
11 37
41 50
1 15
4 30
9 47
13 25
33 54
35 49
2 52
27 44
55 59
3 58
2 32
1 56
8 58
16 46
16 17
24 35
7 40
24 28
6 61
51 60
23 34
9 59
36 45
25 55
19 49
7 43
4 10
37 43
17 22
11 48
18 29
5 63
19 20
6 45
13 15
0 29
34 52
0 36
12 42
38 44
14 53
33 40
38 62
10 30
18 42
47 60
26 31
12 14
21 61
51 57
26 27
8 41
54 56
22 50
23 63
28 31
39 48
32 53
5 21
39 62
3 46
20 57
0 3
17 41
31 34
7 52
27 57
57 63
30 56
32 51
18 50
31 58
44 54
2 48
27 63
16 60
22 54
56 59
25 41
13 23
6 22
11 21
52 53
1 45
10 38
2 40
5 53
43 51
42 44
14 59
14 33
17 42
11 47
55 61
19 29
16 55
23 48
4 50
18 20
10 28
35 37
1 9
13 29
32 58
15 25
8 24
33 43
0 40
4 19
26 39
37 45
36 46
38 60
24 62
49 62
6 20
39 61
15 28
21 30
12 26
8 49
34 47
7 46
5 36
3 9
12 35
64 128 0
0 0 0 0 0 0 0 0 0 0 0 0 0 0 0 0 0 0 0 0 0 0 0 0 0 0 0 0 0 0 0 0 0 0 0 0 0 0 0 0 0 0 0 0 0 0 0 0 0 0 0 0 0 0 0 0 0 0 0 0 0 0 0 0
25 36
2 20
9 30
31 55
11 19
46 50
22 42
14 59
7 43
54 57
1 4
39 56
2 27
16 34
32 63
3 34
3 47
4 45
28 40
10 31
10 37
5 22
9 56
62 63
16 17
18 30
46 53
21 41
43 51
35 52
13 60
13 17
33 59
33 38
6 61
24 40
52 54
12 20
19 27
32 44
39 48
47 58
0 23
15 51
37 48
12 42
7 23
35 49
14 26
6 53
28 55
18 61
11 57
0 8
8 21
25 41
26 29
29 58
15 45
50 60
36 38
1 5
44 49
24 62
9 47
10 14
13 14
0 60
19 63
19 62
3 40
1 40
20 44
2 18
11 36
18 29
30 55
57 59
11 32
12 61
12 21
24 33
38 53
32 61
22 58
1 60
34 48
7 52
4 36
43 45
28 34
54 63
2 53
8 35
10 49
42 56
5 46
3 7
31 33
25 55
6 23
24 51
9 41
17 39
42 57
0 51
31 43
41 45
17 49
37 59
26 35
4 58
20 29
16 39
15 25
5 16
8 23
44 56
15 47
6 26
27 30
28 50
46 52
38 54
13 50
21 62
27 48
22 37
64 128 0
0 0 0 0 0 0 0 0 0 0 0 0 0 0 0 0 0 0 0 0 0 0 0 0 0 0 0 0 0 0 0 0 0 0 0 0 0 0 0 0 0 0 0 0 0 0 0 0 0 0 0 0 0 0 0 0 0 0 0 0 0 0 0 0
26 52
16 58
28 58
14 43
26 27
45 63
33 56
25 37
15 28
32 34
10 55
2 31
23 38
25 52
29 43
37 42
3 27
11 41
24 41
40 50
9 39
14 56
20 49
49 59
30 42
44 46
36 59
13 47
13 35
20 62
46 61
1 9
7 62
7 19
10 17
11 15
19 45
12 34
4 12
39 51
22 60
16 48
50 57
6 63
21 53
30 53
23 51
4 29
8 57
18 48
54 61
8 32
0 17
21 22
38 44
33 40
2 24
55 60
0 3
1 18
5 6
35 47
5 54
31 36
13 16
11 21
2 9
7 17
40 49
32 36
2 6
6 36
27 49
55 57
14 45
38 46
0 52
25 44
20 53
24 35
25 51
19 57
47 54
33 37
33 47
31 42
13 34
17 59
48 59
7 40
54 55
46 60
4 15
21 61
1 10
14 44
19 23
18 52
26 35
3 20
10 62
30 34
4 53
15 60
18 63
30 31
37 38
32 41
1 62
9 12
28 48
50 61
5 43
12 51
24 58
0 56
11 56
22 39
8 63
39 41
23 58
3 5
26 28
27 50
29 45
22 29
42 43
8 16
64 128 0
0 0 0 0 0 0 0 0 0 0 0 0 0 0 0 0 0 0 0 0 0 0 0 0 0 0 0 0 0 0 0 0 0 0 0 0 0 0 0 0 0 0 0 0 0 0 0 0 0 0 0 0 0 0 0 0 0 0 0 0 0 0 0 0
27 38
17 52
48 53
32 36
13 19
20 29
4 22
26 29
14 31
4 28
5 10
34 55
6 9
25 58
42 60
27 49
8 43
14 43
54 55
7 52
23 45
45 51
17 37
2 25
9 41
19 41
1 35
53 61
13 30
12 39
30 58
47 59
37 62
46 63
5 8
44 56
47 48
34 36
11 21
22 32
12 63
16 46
0 61
20 44
54 57
33 56
6 16
0 38
18 24
3 18
1 49
15 62
11 39
7 57
15 35
10 40
31 50
21 42
23 33
3 51
40 50
2 24
28 60
26 59
38 58
12 37
10 61
8 40
29 55
1 34
14 63
38 59
15 50
0 63
16 60
13 28
12 62
26 48
3 45
22 34
47 57
20 24
8 48
4 18
6 17
39 55
25 56
1 2
23 57
9 24
59 62
15 33
10 30
41 52
45 53
16 42
32 47
11 44
0 31
32 51
46 56
30 50
3 13
36 54
5 51
23 52
29 44
7 27
31 43
14 35
17 19
6 39
37 46
4 41
18 36
27 61
21 60
11 49
9 42
7 25
19 20
5 58
35 54
33 53
2 22
21 40
28 49
26 43
64 128 0
0 0 0 0 0 0 0 0 0 0 0 0 0 0 0 0 0 0 0 0 0 0 0 0 0 0 0 0 0 0 0 0 0 0 0 0 0 0 0 0 0 0 0 0 0 0 0 0 0 0 0 0 0 0 0 0 0 0 0 0 0 0 0 0
62 63
23 50
2 21
33 46
11 55
30 32
24 46
3 22
34 41
25 56
12 28
0 29
42 45
16 32
6 48
3 17
33 37
8 51
11 36
35 50
25 52
20 52
18 19
4 10
47 62
15 53
5 7
58 60
57 60
42 59
40 59
4 7
12 20
5 39
15 17
0 47
22 54
2 44
9 41
29 58
19 26
40 61
13 16
38 61
14 18
28 35
9 21
13 54
34 55
26 56
30 49
43 44
49 51
31 39
24 37
6 14
8 10
23 43
27 36
27 48
31 45
38 53
1 63
1 57
7 50
23 53
28 58
0 15
24 54
14 61
4 19
21 46
16 63
12 32
11 57
11 25
41 62
27 45
9 20
17 48
41 60
45 59
37 59
3 13
39 47
30 31
47 55
7 22
10 52
3 26
1 37
20 62
33 56
8 40
38 57
2 32
14 63
8 49
17 29
2 5
43 52
21 33
12 34
6 10
38 60
16 36
28 54
15 23
6 50
42 44
27 56
19 61
30 51
1 51
22 36
24 49
25 39
9 55
4 46
5 44
34 42
13 58
18 53
18 43
31 40
29 35
0 26
35 48
64 128 0
0 0 0 0 0 0 0 0 0 0 0 0 0 0 0 0 0 0 0 0 0 0 0 0 0 0 0 0 0 0 0 0 0 0 0 0 0 0 0 0 0 0 0 0 0 0 0 0 0 0 0 0 0 0 0 0 0 0 0 0 0 0 0 0
29 33
5 25
19 41
15 20
39 62
31 52
7 50
0 49
26 58
8 18
16 46
30 40
16 32
9 56
23 60
9 42
10 63
12 18
33 53
36 58
23 28
25 61
8 21
37 52
11 13
38 63
6 51
15 60
5 45
34 44
10 44
12 54
20 48
34 55
7 35
3 51
48 62
47 53
2 14
30 56
50 57
1 47
46 61
22 31
21 32
22 38
3 17
0 42
26 54
11 24
27 36
13 49
29 59
2 40
4 24
27 43
4 43
37 39
14 45
41 59
6 19
1 28
35 57
17 55
11 44
15 34
56 58
9 41
15 27
7 19
29 43
10 38
3 60
52 62
39 40
39 46
2 16
21 26
48 54
47 61
47 50
9 44
7 28
5 20
12 36
4 42
0 57
27 54
11 45
34 52
29 50
48 53
2 3
8 14
37 63
12 62
49 59
30 37
30 38
4 33
6 36
13 46
13 20
10 23
24 25
21 42
14 24
19 23
5 33
40 49
22 45
18 35
57 59
31 51
41 51
35 56
1 58
1 17
17 43
60 63
6 32
8 55
0 18
16 31
26 32
55 61
22 28
25 53
64 128 0
0 0 0 0 0 0 0 0 0 0 0 0 0 0 0 0 0 0 0 0 0 0 0 0 0 0 0 0 0 0 0 0 0 0 0 0 0 0 0 0 0 0 0 0 0 0 0 0 0 0 0 0 0 0 0 0 0 0 0 0 0 0 0 0
7 54
21 42
15 19
6 48
5 40
3 11
1 16
14 50
21 49
5 16
0 36
23 44
38 41
8 13
11 30
34 57
26 28
22 28
30 47
35 37
56 62
18 53
25 43
8 61
10 27
31 57
12 51
25 56
19 44
20 47
3 45
43 55
26 63
6 51
40 54
39 50
2 32
2 33
36 60
15 38
35 63
17 41
1 31
14 22
24 58
46 53
10 23
4 48
20 52
45 60
9 29
24 52
18 32
12 34
13 27
4 7
58 59
33 49
39 61
17 29
0 62
9 55
42 46
37 59
30 34
3 23
18 56
8 58
10 39
25 36
1 54
34 50
47 49
14 46
2 16
5 22
15 32
32 51
7 45
17 44
10 28
19 35
27 53
9 36
21 57
24 63
22 38
28 37
17 43
45 58
11 56
18 35
4 24
11 62
26 40
41 42
33 42
20 48
14 52
12 38
16 23
0 55
2 47
6 59
31 40
6 44
12 53
7 21
9 13
27 46
13 41
37 60
20 61
3 29
15 29
52 55
30 48
33 63
19 62
0 57
26 39
1 8
50 61
4 25
5 54
31 49
51 60
43 59
64 128 0
0 0 0 0 0 0 0 0 0 0 0 0 0 0 0 0 0 0 0 0 0 0 0 0 0 0 0 0 0 0 0 0 0 0 0 0 0 0 0 0 0 0 0 0 0 0 0 0 0 0 0 0 0 0 0 0 0 0 0 0 0 0 0 0
30 54
38 60
18 33
2 51
9 19
19 21
9 31
20 29
11 23
12 47
32 39
8 35
46 61
29 41
22 24
15 16
23 51
0 49
7 40
18 54
4 55
30 56
37 55
6 14
25 34
22 43
12 60
31 61
46 57
11 34
53 56
14 45
10 26
1 5
15 39
5 58
13 63
41 44
16 50
20 28
35 62
2 43
27 28
0 24
17 25
1 37
8 17
26 47
3 50
13 53
32 62
10 59
4 40
42 44
21 48
33 59
7 42
45 58
52 57
27 48
3 36
6 36
49 63
38 52
37 45
5 53
23 50
10 51
28 46
14 15
36 43
1 58
26 44
52 62
26 49
12 59
19 60
22 63
33 53
6 37
8 24
35 54
0 7
31 52
40 60
17 41
7 29
22 30
44 47
15 24
13 42
41 48
29 42
11 16
11 32
6 55
9 45
2 57
27 63
9 50
4 27
1 61
18 34
55 58
20 36
13 48
10 20
8 57
23 46
40 62
21 33
5 51
31 56
0 17
3 59
38 47
25 30
12 21
39 43
2 34
32 54
3 39
14 38
28 35
18 19
4 25
16 61
49 56
64 128 0
0 0 0 0 0 0 0 0 0 0 0 0 0 0 0 0 0 0 0 0 0 0 0 0 0 0 0 0 0 0 0 0 0 0 0 0 0 0 0 0 0 0 0 0 0 0 0 0 0 0 0 0 0 0 0 0 0 0 0 0 0 0 0 0
36 48
15 34
11 46
46 52
19 62
5 63
31 51
57 58
52 61
3 54
23 54
1 37
20 30
7 47
27 36
59 60
9 31
3 17
4 37
26 49
38 39
33 61
41 53
19 50
4 50
42 45
8 60
24 58
29 49
30 34
21 28
17 45
25 57
13 44
6 13
16 51
2 20
40 43
28 35
9 40
5 32
26 42
22 33
35 62
1 12
10 56
14 55
27 55
0 25
6 44
2 47
21 38
24 41
11 48
23 39
0 59
10 14
12 18
15 43
7 16
8 53
18 29
22 56
32 63
17 44
39 48
31 38
8 52
15 40
2 8
1 31
23 42
5 13
12 19
4 52
5 54
7 23
27 44
36 53
34 57
37 62
25 46
59 63
45 54
26 43
2 33
11 21
3 18
28 32
51 63
24 56
39 51
35 38
11 32
29 61
0 6
9 41
3 10
20 49
9 22
17 26
30 49
13 36
16 48
27 56
33 60
6 29
10 58
28 40
19 46
34 50
16 24
14 35
14 59
25 45
12 42
47 61
50 58
7 53
15 20
0 18
47 60
37 55
1 43
21 22
55 62
41 57
4 30
64 128 0
0 0 0 0 0 0 0 0 0 0 0 0 0 0 0 0 0 0 0 0 0 0 0 0 0 0 0 0 0 0 0 0 0 0 0 0 0 0 0 0 0 0 0 0 0 0 0 0 0 0 0 0 0 0 0 0 0 0 0 0 0 0 0 0
3 9
27 51
23 56
14 45
44 49
4 17
57 63
4 54
5 16
18 52
6 56
0 11
2 33
8 12
9 26
55 61
5 52
25 61
22 45
27 49
24 39
41 46
21 59
31 57
33 36
11 32
10 38
13 38
19 47
17 22
12 36
23 48
18 48
15 51
10 15
39 55
2 32
7 43
24 41
1 37
43 60
16 35
25 63
13 21
14 34
8 29
6 19
7 47
20 37
40 53
20 50
0 42
30 54
31 50
58 62
28 34
28 62
42 60
35 40
29 30
26 46
53 58
1 59
3 44
47 55
12 20
33 34
4 31
36 39
52 53
8 35
32 59
9 17
8 48
10 16
57 58
40 54
9 24
35 61
7 12
44 45
1 6
21 24
43 51
14 29
25 50
30 31
39 49
4 56
11 62
51 57
3 58
45 50
0 22
22 41
11 47
23 63
0 28
40 59
27 43
18 27
38 42
7 15
42 49
13 36
3 28
5 44
15 61
16 55
19 25
30 46
13 20
1 2
19 37
29 60
54 60
41 53
17 52
26 34
37 46
2 48
23 32
38 63
14 62
26 33
6 18
5 21
10 56
64 128 0
0 0 0 0 0 0 0 0 0 0 0 0 0 0 0 0 0 0 0 0 0 0 0 0 0 0 0 0 0 0 0 0 0 0 0 0 0 0 0 0 0 0 0 0 0 0 0 0 0 0 0 0 0 0 0 0 0 0 0 0 0 0 0 0
21 52
1 20
2 60
14 28
21 22
24 33
2 7
31 48
4 47
9 23
6 55
32 37
51 60
5 40
37 40
6 13
8 51
25 38
43 62
7 15
44 57
0 59
50 55
15 24
44 52
20 29
3 17
41 50
30 58
27 34
17 30
23 38
8 12
5 46
13 48
45 47
53 56
19 22
4 35
1 16
10 49
27 39
33 63
26 54
29 49
0 12
36 42
28 56
9 61
39 62
3 53
18 46
11 35
26 43
10 16
32 61
25 34
19 57
18 36
54 63
41 59
14 31
42 58
11 45
18 33
40 61
34 44
0 33
16 55
50 57
28 41
27 55
29 59
10 19
12 50
12 52
8 17
5 27
18 42
13 43
32 46
34 57
20 61
21 30
23 39
13 51
10 24
0 2
29 53
2 4
45 56
37 58
7 26
11 56
23 49
1 48
58 63
31 47
26 45
40 60
14 37
7 20
17 48
3 54
36 41
14 15
16 43
32 54
9 15
53 62
21 47
6 42
4 30
5 28
6 51
25 31
3 52
38 60
19 44
1 24
22 35
9 46
36 38
11 59
22 62
35 49
8 39
25 63
64 128 0
0 0 0 0 0 0 0 0 0 0 0 0 0 0 0 0 0 0 0 0 0 0 0 0 0 0 0 0 0 0 0 0 0 0 0 0 0 0 0 0 0 0 0 0 0 0 0 0 0 0 0 0 0 0 0 0 0 0 0 0 0 0 0 0
3 60
29 41
17 58
42 49
1 5
46 54
34 56
11 59
0 47
26 53
33 58
8 32
6 42
45 52
4 12
22 26
51 57
9 32
13 24
8 16
2 27
2 56
31 36
1 33
19 46
10 44
16 59
18 55
12 27
11 63
28 57
3 17
39 41
18 25
61 63
20 25
14 39
34 35
20 24
7 55
50 52
13 48
30 36
23 38
35 60
9 44
4 21
21 28
22 38
51 62
40 50
15 47
15 62
53 61
19 54
23 48
0 30
14 31
5 37
37 49
40 45
6 7
10 43
29 43
0 37
20 35
15 21
22 63
17 24
7 32
31 58
4 38
46 55
33 54
49 52
2 30
56 57
6 59
33 45
41 46
32 39
0 56
9 12
17 19
8 10
12 41
1 48
20 47
31 59
22 60
3 49
16 26
16 29
19 40
23 28
9 25
5 14
40 52
13 25
23 42
42 43
29 53
36 62
27 30
1 18
3 27
24 54
47 58
57 61
11 44
7 60
26 44
38 50
5 62
10 63
51 55
6 45
13 51
4 34
39 53
14 37
36 61
2 48
18 28
8 43
21 34
15 35
11 50
64 128 0
0 0 0 0 0 0 0 0 0 0 0 0 0 0 0 0 0 0 0 0 0 0 0 0 0 0 0 0 0 0 0 0 0 0 0 0 0 0 0 0 0 0 0 0 0 0 0 0 0 0 0 0 0 0 0 0 0 0 0 0 0 0 0 0
16 45
54 55
61 63
42 44
10 30
17 56
8 43
52 53
10 53
15 52
23 50
18 24
13 46
51 62
12 35
28 35
20 25
3 42
29 41
2 34
21 26
0 3
17 40
47 57
1 5
19 28
26 27
45 59
37 55
20 37
25 39
15 43
11 62
9 29
1 33
6 57
13 24
6 46
11 36
18 49
40 54
5 56
36 61
2 60
30 33
58 63
9 34
14 48
38 44
22 50
19 58
8 59
21 32
27 31
4 31
32 38
12 22
41 60
4 47
0 49
7 14
39 51
23 48
7 16
14 17
19 47
3 49
2 44
9 46
18 60
0 58
34 36
10 47
35 48
43 52
7 18
5 19
12 20
35 46
0 2
5 40
1 53
15 55
24 62
50 55
13 56
24 37
21 29
15 26
39 49
9 23
56 63
30 40
8 17
23 60
4 42
3 57
51 59
8 11
22 27
30 34
20 62
29 50
25 38
25 59
28 51
16 57
14 61
43 44
16 22
1 37
6 41
26 33
27 39
21 38
36 45
42 54
28 58
4 54
53 63
11 31
10 41
13 32
31 52
33 61
12 45
6 48
7 32
64 128 0
0 0 0 0 0 0 0 0 0 0 0 0 0 0 0 0 0 0 0 0 0 0 0 0 0 0 0 0 0 0 0 0 0 0 0 0 0 0 0 0 0 0 0 0 0 0 0 0 0 0 0 0 0 0 0 0 0 0 0 0 0 0 0 0
35 49
9 32
23 56
12 56
23 38
31 48
19 45
28 53
19 28
15 25
7 12
1 18
36 51
21 30
13 62
16 40
36 47
40 50
0 16
4 11
22 27
41 57
20 38
45 58
3 32
20 29
35 59
41 61
22 55
33 39
8 14
6 59
37 54
26 42
43 55
10 46
21 62
11 26
24 52
39 44
43 57
13 49
15 63
31 63
1 54
2 44
18 42
34 52
2 17
7 17
4 37
48 58
47 61
10 27
33 50
34 60
24 60
0 5
5 6
14 53
9 29
3 30
8 25
46 51
9 61
17 38
26 57
5 21
8 40
8 15
33 53
14 30
43 50
37 53
10 11
39 51
16 60
32 38
47 59
19 33
55 58
15 46
29 34
28 41
6 63
7 35
16 58
48 54
36 42
20 61
11 29
23 54
40 47
0 19
18 28
4 22
1 34
5 10
35 63
12 27
27 57
46 52
3 44
45 49
12 17
21 56
32 59
31 50
2 36
41 42
22 51
14 60
6 20
26 31
4 25
9 56
24 45
55 62
0 30
13 43
39 49
7 44
1 23
52 62
18 24
3 13
2 48
25 37
64 128 0
0 0 0 0 0 0 0 0 0 0 0 0 0 0 0 0 0 0 0 0 0 0 0 0 0 0 0 0 0 0 0 0 0 0 0 0 0 0 0 0 0 0 0 0 0 0 0 0 0 0 0 0 0 0 0 0 0 0 0 0 0 0 0 0
6 18
3 28
1 3
43 63
8 18
7 35
0 7
16 42
5 61
48 58
39 62
24 31
19 41
12 46
55 61
15 56
36 62
27 45
12 30
26 52
24 43
17 21
10 59
0 49
14 21
29 33
25 32
9 36
27 60
25 55
11 49
44 54
19 59
6 8
20 48
15 34
31 57
2 54
45 53
4 56
11 38
17 35
14 47
5 60
22 34
42 51
23 37
46 57
10 58
50 63
9 22
26 37
4 28
2 40
29 40
1 30
16 39
44 53
13 51
38 41
20 47
23 52
13 50
32 33
26 61
18 52
22 47
52 57
3 34
23 53
23 27
1 20
11 34
3 46
36 48
15 42
16 21
31 39
8 38
4 10
29 62
4 6
42 43
5 28
5 12
24 63
0 6
37 44
17 53
14 49
9 59
59 60
24 47
39 58
30 54
26 40
14 50
28 33
9 55
0 16
22 25
35 40
1 19
7 55
56 63
2 44
48 56
15 58
38 60
27 29
25 54
21 31
46 62
41 57
18 45
35 61
7 32
37 49
19 36
8 10
33 45
32 43
12 51
20 30
50 51
2 13
13 41
11 17
64 128 0
0 0 0 0 0 0 0 0 0 0 0 0 0 0 0 0 0 0 0 0 0 0 0 0 0 0 0 0 0 0 0 0 0 0 0 0 0 0 0 0 0 0 0 0 0 0 0 0 0 0 0 0 0 0 0 0 0 0 0 0 0 0 0 0
12 30
3 4
2 51
9 46
31 40
13 46
16 33
40 53
32 36
8 23
0 37
28 36
17 21
10 11
45 49
2 12
7 27
4 15
41 50
44 47
9 61
11 45
18 39
22 60
32 62
34 63
6 20
55 60
10 47
1 19
42 56
29 43
24 35
14 37
42 55
21 49
19 57
38 61
50 58
24 25
25 35
8 27
28 48
1 13
22 59
30 48
51 59
6 63
5 52
41 43
26 38
15 33
31 53
17 58
3 62
0 34
5 16
54 56
23 39
44 57
7 54
14 18
20 26
29 52
7 14
13 37
10 46
44 48
25 34
3 5
56 63
23 53
17 20
25 49
4 44
4 60
29 60
10 37
7 13
38 41
43 55
22 53
31 58
34 51
21 24
26 35
33 39
1 8
30 42
48 52
12 45
6 14
12 27
26 47
3 6
55 62
2 19
40 43
36 59
29 32
28 56
45 54
1 63
2 47
27 61
41 54
31 42
50 61
39 57
16 21
19 36
0 51
23 40
33 49
11 15
46 57
9 18
18 35
9 20
52 58
28 30
22 62
8 16
17 50
11 38
5 32
15 24
0 59
64 128 0
0 0 0 0 0 0 0 0 0 0 0 0 0 0 0 0 0 0 0 0 0 0 0 0 0 0 0 0 0 0 0 0 0 0 0 0 0 0 0 0 0 0 0 0 0 0 0 0 0 0 0 0 0 0 0 0 0 0 0 0 0 0 0 0
33 44
9 46
20 25
6 59
34 48
2 3
8 54
0 8
41 53
34 39
15 58
33 36
2 22
26 48
50 58
21 63
3 4
22 60
17 26
27 62
6 19
55 59
0 9
35 38
10 37
49 63
5 40
18 56
31 44
17 30
11 41
57 61
46 51
19 50
16 37
12 42
25 45
13 51
16 56
7 13
18 20
24 27
28 45
43 57
40 61
35 60
7 29
29 32
1 5
10 28
4 47
14 49
11 42
24 52
38 47
43 54
23 55
36 62
21 23
14 15
32 52
1 39
12 53
30 31
18 59
0 35
11 12
18 32
32 36
17 34
19 44
1 25
22 27
40 42
14 31
28 58
45 51
36 52
48 55
5 53
16 54
19 24
0 4
9 49
41 54
21 61
14 48
29 34
46 50
3 9
1 57
7 20
2 20
17 42
21 51
3 13
10 22
11 50
13 46
12 49
15 29
15 39
28 35
33 37
4 58
52 56
43 63
38 63
26 40
6 44
6 47
10 23
55 56
37 41
45 59
31 43
27 53
47 61
24 38
2 62
5 8
26 57
8 25
23 39
30 33
16 30
60 62
7 60
64 128 0
0 0 0 0 0 0 0 0 0 0 0 0 0 0 0 0 0 0 0 0 0 0 0 0 0 0 0 0 0 0 0 0 0 0 0 0 0 0 0 0 0 0 0 0 0 0 0 0 0 0 0 0 0 0 0 0 0 0 0 0 0 0 0 0
13 55
11 23
10 14
12 61
37 62
18 58
16 19
26 30
22 38
6 7
4 51
1 52
24 42
4 37
14 54
8 9
31 46
47 60
6 62
42 54
3 15
22 43
20 27
32 35
35 40
11 57
56 59
23 25
3 40
44 53
29 39
18 43
16 20
0 29
45 48
31 47
27 57
12 25
50 59
2 55
2 58
36 46
17 53
33 44
19 45
32 41
28 52
21 63
36 61
15 34
17 30
51 56
9 24
1 5
49 60
21 49
28 33
7 8
34 48
5 63
0 13
26 39
10 38
41 50
44 60
41 46
14 16
57 59
27 34
44 46
2 52
22 30
1 55
35 54
28 35
39 62
20 40
12 57
43 45
13 32
9 38
10 22
42 50
25 47
37 56
6 59
51 52
38 51
7 19
5 21
17 54
41 61
24 31
27 33
23 55
5 45
3 4
29 47
15 60
7 48
31 56
9 23
3 19
14 21
20 49
36 63
6 28
12 62
17 61
16 43
0 8
0 48
11 50
18 30
49 58
10 33
26 40
11 58
2 36
37 42
25 34
4 26
32 53
1 15
13 63
8 24
18 29
39 53
64 128 0
0 0 0 0 0 0 0 0 0 0 0 0 0 0 0 0 0 0 0 0 0 0 0 0 0 0 0 0 0 0 0 0 0 0 0 0 0 0 0 0 0 0 0 0 0 0 0 0 0 0 0 0 0 0 0 0 0 0 0 0 0 0 0 0
21 54
6 54
43 51
27 38
45 52
20 55
7 32
9 11
21 52
29 34
28 55
22 31
25 47
11 14
16 35
62 63
39 40
4 43
13 36
8 56
0 1
13 57
6 12
5 32
56 59
42 44
9 19
28 58
39 49
8 10
23 24
1 24
40 59
37 44
25 58
26 60
19 49
41 50
10 48
5 61
3 34
17 48
15 23
36 42
0 29
60 62
18 51
22 45
27 63
15 47
7 38
2 4
30 41
12 20
3 53
2 57
26 46
30 33
35 50
16 33
17 37
46 53
18 31
14 61
21 32
1 15
39 44
53 60
6 51
9 27
47 53
15 37
14 32
22 36
19 52
4 28
42 49
3 35
8 35
23 34
40 54
50 59
9 40
30 59
17 20
4 46
19 23
7 44
31 63
20 41
5 21
10 55
48 58
48 63
38 42
29 56
28 45
6 46
7 60
2 61
8 13
11 25
2 25
49 52
57 61
17 54
13 16
0 36
39 47
10 56
24 33
24 26
1 12
18 45
16 62
38 57
33 37
12 18
11 34
5 62
27 51
14 22
3 31
43 58
0 41
26 30
29 55
43 50
64 128 0
0 0 0 0 0 0 0 0 0 0 0 0 0 0 0 0 0 0 0 0 0 0 0 0 0 0 0 0 0 0 0 0 0 0 0 0 0 0 0 0 0 0 0 0 0 0 0 0 0 0 0 0 0 0 0 0 0 0 0 0 0 0 0 0
38 45
37 62
23 31
0 60
6 48
4 57
4 40
60 63
16 29
30 61
18 44
30 36
41 59
29 34
28 34
51 53
9 55
46 51
27 57
7 17
1 43
21 55
33 53
8 12
2 50
41 56
15 26
2 14
22 35
24 39
33 39
5 15
35 49
0 56
8 19
9 63
25 50
24 62
3 46
11 31
52 59
20 23
16 47
28 37
7 54
40 43
12 32
1 58
6 32
25 58
42 61
10 11
5 48
3 49
22 44
13 19
42 45
17 54
13 52
14 38
10 18
26 36
21 47
20 27
22 62
12 36
23 47
22 40
13 15
2 33
5 53
25 61
52 54
36 51
26 35
28 59
30 59
17 43
14 55
24 37
39 52
48 56
9 37
2 3
11 34
4 45
0 46
20 55
42 49
45 58
12 30
20 32
1 44
1 35
56 62
16 50
6 40
27 63
9 28
6 18
7 19
31 60
7 43
8 46
23 32
24 63
29 33
19 27
21 41
34 48
25 44
14 61
5 50
38 58
11 18
4 38
3 31
8 29
47 49
53 57
17 51
0 26
15 54
10 60
21 57
13 42
10 41
16 39
64 128 0
0 0 0 0 0 0 0 0 0 0 0 0 0 0 0 0 0 0 0 0 0 0 0 0 0 0 0 0 0 0 0 0 0 0 0 0 0 0 0 0 0 0 0 0 0 0 0 0 0 0 0 0 0 0 0 0 0 0 0 0 0 0 0 0
9 35
33 60
36 43
57 62
2 59
13 37
15 41
39 42
44 55
39 50
0 49
21 44
12 46
0 42
6 24
20 29
8 58
3 17
11 33
24 31
18 47
5 31
35 62
1 19
36 38
8 40
4 46
34 56
28 34
21 45
40 52
7 10
15 53
23 61
25 48
2 23
5 6
22 45
4 13
28 60
14 56
17 22
26 52
12 32
20 57
27 51
30 32
10 19
11 50
9 37
1 27
38 63
18 41
14 48
47 53
16 59
26 43
29 54
30 61
49 63
16 58
25 51
54 55
3 7
17 41
0 23
32 42
17 19
25 39
28 33
2 12
9 28
34 40
3 31
4 19
13 15
26 44
7 29
36 53
10 51
32 43
6 35
1 33
24 46
7 40
29 61
0 56
49 55
23 52
36 51
2 49
10 39
57 58
38 53
37 54
5 22
38 54
18 45
43 60
45 47
21 58
37 62
5 20
12 63
16 20
4 34
8 48
55 57
9 48
21 24
11 31
46 63
16 60
42 56
15 62
8 22
27 30
35 50
3 52
25 26
14 61
27 50
47 59
30 41
13 44
11 14
6 59
1 18
64 128 0
0 0 0 0 0 0 0 0 0 0 0 0 0 0 0 0 0 0 0 0 0 0 0 0 0 0 0 0 0 0 0 0 0 0 0 0 0 0 0 0 0 0 0 0 0 0 0 0 0 0 0 0 0 0 0 0 0 0 0 0 0 0 0 0
57 59
1 56
37 58
37 45
36 49
21 26
8 46
0 6
47 61
27 51
18 39
15 38
22 61
12 43
20 33
33 44
54 55
24 40
24 63
1 26
2 13
51 59
10 42
23 39
3 45
40 57
28 30
11 52
9 15
17 32
35 42
9 47
20 60
8 53
3 60
14 44
17 50
10 34
11 48
31 62
28 29
13 19
48 50
7 25
0 16
27 32
4 54
49 52
14 35
21 55
46 56
5 30
22 25
7 63
4 36
31 53
12 62
16 29
2 38
19 43
5 6
34 58
23 41
18 41
3 27
29 36
0 40
43 53
38 46
11 43
19 49
4 21
24 45
7 16
28 47
18 51
23 30
2 35
54 60
22 23
1 9
14 52
27 61
40 56
39 62
4 13
32 54
2 28
36 48
7 33
6 48
25 32
35 63
20 41
14 31
22 31
39 57
37 50
16 37
5 53
26 44
17 42
9 10
1 13
49 62
5 58
25 50
45 55
17 18
21 38
15 19
0 12
8 52
11 15
20 57
10 33
42 51
56 63
29 55
24 34
44 59
30 47
58 59
3 8
46 61
6 41
34 60
12 26
64 128 0
0 0 0 0 0 0 0 0 0 0 0 0 0 0 0 0 0 0 0 0 0 0 0 0 0 0 0 0 0 0 0 0 0 0 0 0 0 0 0 0 0 0 0 0 0 0 0 0 0 0 0 0 0 0 0 0 0 0 0 0 0 0 0 0
36 60
45 57
28 30
23 42
15 56
35 57
6 25
53 62
17 56
7 11
10 40
6 55
14 17
5 60
8 15
3 8
29 31
16 26
52 58
0 58
2 21
20 28
19 32
23 48
10 27
25 45
2 44
7 39
29 34
26 44
24 49
39 52
19 51
1 40
50 62
13 63
21 53
37 41
32 47
11 48
33 61
4 59
4 9
12 14
27 38
34 50
43 49
0 37
20 22
22 51
36 38
42 61
24 35
46 54
13 30
18 59
9 12
3 54
41 46
47 63
31 55
18 33
1 5
16 43
9 55
32 50
27 31
2 8
31 56
4 24
18 43
3 58
28 60
25 40
39 62
0 19
9 10
17 23
58 60
20 53
42 51
38 54
34 51
42 52
12 63
19 47
8 62
48 61
16 44
1 27
10 34
4 55
29 44
3 5
33 35
21 56
15 59
20 47
6 61
5 30
2 54
40 57
13 57
13 37
18 53
48 49
35 46
7 30
12 49
6 26
46 59
24 43
36 45
0 25
37 50
38 41
7 36
15 52
26 33
17 41
14 22
1 21
23 63
39 45
11 22
11 29
28 32
14 16
64 128 0
0 0 0 0 0 0 0 0 0 0 0 0 0 0 0 0 0 0 0 0 0 0 0 0 0 0 0 0 0 0 0 0 0 0 0 0 0 0 0 0 0 0 0 0 0 0 0 0 0 0 0 0 0 0 0 0 0 0 0 0 0 0 0 0
49 60
4 5
19 45
27 44
6 55
3 46
9 15
28 44
16 23
9 38
1 52
26 59
50 52
22 37
30 32
27 57
31 32
29 34
36 45
7 21
11 34
23 51
8 15
7 25
41 61
20 54
13 24
4 53
31 58
8 53
42 47
3 33
24 36
25 60
2 48
12 41
16 26
35 57
21 62
19 59
1 22
11 58
40 46
43 63
18 54
12 56
10 56
6 62
17 48
17 29
37 50
39 49
39 42
5 20
10 35
14 47
14 51
13 43
28 33
2 61
38 40
0 30
55 63
0 18
3 55
13 22
35 53
8 45
10 37
4 22
16 32
28 46
19 32
14 18
21 30
31 45
9 42
8 48
17 44
20 35
40 55
7 34
9 37
7 54
2 51
24 61
36 56
1 40
59 62
38 49
15 17
0 46
4 62
18 63
1 54
23 33
27 56
5 47
26 52
41 59
11 19
2 21
10 15
38 57
11 60
16 51
5 29
25 61
12 63
50 58
3 6
13 39
24 41
31 52
12 39
28 42
33 43
6 20
0 23
43 60
25 47
27 34
29 57
44 53
48 50
14 49
30 36
26 58
64 128 0
0 0 0 0 0 0 0 0 0 0 0 0 0 0 0 0 0 0 0 0 0 0 0 0 0 0 0 0 0 0 0 0 0 0 0 0 0 0 0 0 0 0 0 0 0 0 0 0 0 0 0 0 0 0 0 0 0 0 0 0 0 0 0 0
1 30
40 51
5 25
12 58
11 47
33 58
20 33
12 22
53 55
29 61
15 21
10 52
7 35
25 54
14 31
8 50
37 59
2 7
32 37
15 60
17 39
6 44
31 38
20 60
42 48
35 57
19 23
0 14
8 44
18 49
23 62
1 62
4 50
18 56
43 53
16 36
27 51
9 41
28 40
6 30
5 13
24 46
13 63
4 59
45 57
26 32
0 24
21 27
41 61
3 26
43 56
22 55
36 42
3 29
38 63
28 39
11 54
9 10
46 48
17 34
19 52
34 45
16 49
2 47
11 29
14 23
26 39
4 61
18 48
20 61
12 43
16 59
33 46
20 42
28 51
32 35
17 30
52 62
8 18
31 53
5 60
5 58
17 27
13 31
19 47
16 44
21 22
0 10
55 56
4 14
30 52
2 22
15 36
37 56
37 43
1 3
3 40
40 54
15 54
44 59
1 24
23 34
0 46
24 42
10 34
26 38
19 60
32 47
9 11
13 58
38 41
27 62
8 57
6 57
12 35
21 36
28 53
25 63
41 63
50 51
7 33
50 55
39 45
9 29
2 49
25 49
6 48
7 45
64 128 0
0 0 0 0 0 0 0 0 0 0 0 0 0 0 0 0 0 0 0 0 0 0 0 0 0 0 0 0 0 0 0 0 0 0 0 0 0 0 0 0 0 0 0 0 0 0 0 0 0 0 0 0 0 0 0 0 0 0 0 0 0 0 0 0
43 46
2 15
1 38
5 56
43 50
19 41
4 17
22 44
39 58
46 49
9 53
40 61
10 56
21 42
26 55
39 63
2 13
9 23
5 8
8 31
24 59
14 51
0 24
26 32
13 47
4 41
50 62
7 53
25 48
3 45
12 63
14 30
10 29
17 47
59 60
28 51
38 49
34 52
35 62
11 18
6 36
27 54
29 31
6 21
11 27
22 45
37 48
42 44
54 57
16 52
25 33
20 57
19 36
32 55
28 35
7 61
0 60
20 30
1 18
15 58
12 37
23 34
16 40
3 33
50 57
10 59
1 27
9 37
46 63
11 16
40 58
5 50
30 43
20 60
29 34
40 60
61 62
1 4
51 56
10 54
30 35
7 8
33 46
5 35
44 48
39 42
19 52
7 22
3 52
41 62
13 21
44 55
2 32
28 48
19 58
53 63
25 54
20 31
14 59
13 55
38 45
3 23
36 37
12 25
18 21
36 41
17 49
18 57
29 33
9 45
43 53
12 34
6 56
14 22
0 23
15 47
8 11
39 47
24 26
26 61
16 38
0 32
2 27
49 51
6 15
17 31
28 42
4 24
64 128 0
0 0 0 0 0 0 0 0 0 0 0 0 0 0 0 0 0 0 0 0 0 0 0 0 0 0 0 0 0 0 0 0 0 0 0 0 0 0 0 0 0 0 0 0 0 0 0 0 0 0 0 0 0 0 0 0 0 0 0 0 0 0 0 0
42 51
29 33
0 48
28 50
41 61
13 18
59 63
12 40
17 57
21 60
18 58
9 55
1 3
5 48
22 49
2 35
35 45
43 50
3 11
19 32
24 53
23 27
4 62
31 40
33 58
4 52
22 42
27 45
11 30
8 32
7 56
14 44
6 15
14 47
28 49
55 59
16 57
6 41
17 51
15 36
36 43
0 37
30 60
20 39
54 56
23 47
26 37
24 25
25 46
5 39
9 21
20 44
34 38
31 62
29 61
8 19
1 10
26 63
12 54
16 53
10 34
13 46
2 52
7 38
47 59
23 50
39 40
10 21
1 62
4 59
3 52
3 58
14 54
24 56
43 61
6 14
11 60
5 26
0 15
26 31
28 37
11 45
44 57
22 31
12 15
8 53
13 53
35 61
2 30
20 29
8 13
6 63
34 39
17 34
33 55
0 27
1 49
38 51
2 32
32 42
40 55
25 48
18 27
36 45
9 16
37 41
19 49
18 24
38 50
35 63
20 36
9 23
7 22
10 25
4 56
28 44
7 48
58 60
43 57
5 30
12 33
17 47
41 42
51 62
19 46
29 54
16 21
46 52
64 128 0
0 0 0 0 0 0 0 0 0 0 0 0 0 0 0 0 0 0 0 0 0 0 0 0 0 0 0 0 0 0 0 0 0 0 0 0 0 0 0 0 0 0 0 0 0 0 0 0 0 0 0 0 0 0 0 0 0 0 0 0 0 0 0 0
15 50
12 39
56 58
14 41
22 60
2 39
5 38
17 56
0 54
3 42
21 51
24 30
13 48
33 37
27 28
5 7
10 47
0 29
6 20
4 34
13 35
9 55
3 26
53 60
30 32
36 63
46 54
6 46
40 50
10 62
35 48
57 59
27 40
44 47
41 52
16 38
2 63
20 31
43 55
11 23
1 12
32 58
19 59
31 62
26 45
14 57
45 61
25 28
36 44
8 52
21 43
1 33
18 49
19 34
9 51
8 22
16 37
11 61
17 53
4 15
18 25
24 49
7 29
23 42
38 57
9 59
53 58
13 19
4 31
14 44
39 40
16 61
12 63
33 48
54 55
11 16
22 59
32 52
40 41
3 15
1 18
1 34
4 44
18 24
20 51
0 28
13 23
41 45
8 48
10 42
8 17
21 47
45 56
29 49
26 51
50 53
7 35
28 47
21 27
30 54
33 34
38 46
25 56
24 42
3 62
7 62
5 31
43 50
14 30
15 58
6 35
10 36
9 39
2 25
11 60
55 63
12 29
52 57
2 37
26 32
6 36
27 60
20 43
0 5
19 37
17 49
23 46
22 61
64 128 0
0 0 0 0 0 0 0 0 0 0 0 0 0 0 0 0 0 0 0 0 0 0 0 0 0 0 0 0 0 0 0 0 0 0 0 0 0 0 0 0 0 0 0 0 0 0 0 0 0 0 0 0 0 0 0 0 0 0 0 0 0 0 0 0
1 51
40 43
43 63
3 22
22 63
8 44
10 35
18 62
28 54
21 29
56 58
5 9
34 57
6 23
37 46
44 47
30 59
1 6
27 56
12 38
4 13
35 57
4 9
17 42
50 52
38 39
7 16
19 50
11 21
2 30
12 32
15 51
15 23
36 55
45 61
29 54
13 60
2 14
34 55
20 41
26 58
26 62
40 59
31 36
5 48
25 53
8 16
7 41
11 33
14 37
25 45
24 52
17 49
31 49
32 46
19 53
42 48
0 3
24 47
10 27
18 28
0 60
33 39
20 61
14 42
9 11
23 53
29 32
21 30
20 25
12 41
31 45
20 24
18 54
41 52
28 35
52 61
3 40
0 17
46 59
11 60
36 58
1 36
26 27
31 44
27 47
3 34
7 13
8 29
7 48
2 55
4 40
39 63
39 50
49 61
43 62
17 25
14 54
22 37
10 37
15 46
43 47
34 60
6 53
8 32
33 63
28 45
9 58
16 30
42 57
44 62
5 35
0 48
19 51
24 38
23 56
1 15
13 56
22 33
18 59
4 12
19 57
49 50
5 51
21 55
2 16
6 38
10 26
64 128 0
0 0 0 0 0 0 0 0 0 0 0 0 0 0 0 0 0 0 0 0 0 0 0 0 0 0 0 0 0 0 0 0 0 0 0 0 0 0 0 0 0 0 0 0 0 0 0 0 0 0 0 0 0 0 0 0 0 0 0 0 0 0 0 0
32 47
52 54
5 7
21 44
12 15
26 59
18 36
35 53
11 39
1 17
36 63
16 46
2 16
38 61
53 57
9 25
33 50
1 50
23 56
24 51
29 43
51 54
14 46
18 34
3 28
49 60
8 26
4 29
23 58
60 61
0 12
31 41
19 40
13 63
3 31
25 45
7 47
20 62
2 8
0 27
13 20
11 38
39 45
19 37
5 30
24 27
15 35
6 59
41 56
30 33
40 42
42 57
9 43
14 58
17 34
22 37
4 6
52 55
22 44
48 62
49 55
10 48
10 32
21 28
14 24
13 15
18 49
32 63
5 52
40 44
28 35
15 61
43 45
14 39
11 59
28 31
25 50
8 58
38 48
9 42
7 50
5 19
2 23
52 61
21 51
7 56
26 46
26 37
8 17
30 54
1 54
1 11
18 57
27 41
12 21
24 31
29 55
34 53
22 32
36 44
0 41
12 37
13 47
6 55
2 33
46 59
17 42
4 62
20 53
30 49
19 51
16 40
43 60
9 38
4 20
58 63
3 23
6 27
35 39
45 62
33 57
3 10
22 47
10 36
16 29
34 60
0 56
25 48
64 128 0
0 0 0 0 0 0 0 0 0 0 0 0 0 0 0 0 0 0 0 0 0 0 0 0 0 0 0 0 0 0 0 0 0 0 0 0 0 0 0 0 0 0 0 0 0 0 0 0 0 0 0 0 0 0 0 0 0 0 0 0 0 0 0 0
35 38
22 54
1 2
39 62
36 45
16 18
4 33
17 25
27 34
21 46
21 35
11 52
5 42
8 53
44 50
56 57
52 55
33 46
32 49
30 62
30 63
19 59
9 48
4 38
1 37
0 32
10 56
3 16
44 47
31 63
19 41
6 37
12 53
0 40
10 60
14 26
20 51
17 51
15 36
58 60
20 40
24 61
6 54
3 42
5 34
26 50
31 55
22 29
14 57
13 43
7 18
23 59
15 45
8 12
2 29
9 28
11 58
7 41
23 61
43 48
25 27
13 28
24 49
39 47
1 57
60 61
7 24
18 47
6 57
4 45
61 62
9 36
21 31
13 42
11 56
47 58
20 41
21 59
32 34
2 60
16 45
7 46
0 11
12 28
49 55
14 38
12 22
30 35
52 53
44 56
5 54
31 59
40 53
46 52
8 30
40 49
19 62
1 54
27 33
24 37
14 43
20 36
15 26
15 23
8 50
39 43
16 33
6 19
27 58
3 17
28 63
13 41
17 23
2 51
0 9
29 44
39 50
10 25
3 25
26 35
29 51
48 63
10 32
48 55
38 42
4 37
5 18
22 34
64 128 0
0 0 0 0 0 0 0 0 0 0 0 0 0 0 0 0 0 0 0 0 0 0 0 0 0 0 0 0 0 0 0 0 0 0 0 0 0 0 0 0 0 0 0 0 0 0 0 0 0 0 0 0 0 0 0 0 0 0 0 0 0 0 0 0
0 27
44 57
45 52
1 10
25 46
17 59
3 52
7 58
4 19
7 44
6 16
8 62
12 48
5 49
26 49
9 26
0 21
32 37
13 62
19 42
9 28
21 36
29 41
11 39
30 57
35 55
6 61
40 51
20 24
23 31
31 46
15 30
34 58
12 56
35 50
22 56
10 16
47 51
14 29
15 59
8 13
18 27
45 63
43 60
39 43
22 33
48 61
50 53
18 34
25 42
2 28
3 36
11 14
4 63
5 38
33 47
23 37
38 40
53 55
17 32
20 54
54 60
24 41
1 2
23 40
39 48
28 54
0 32
31 50
1 27
1 38
21 25
37 38
35 53
13 55
9 58
4 22
32 59
34 46
24 42
19 21
53 59
4 58
12 25
11 22
34 61
14 43
7 12
8 50
5 44
23 24
35 39
40 47
29 57
30 48
18 29
2 15
3 54
51 52
27 30
52 56
18 55
9 20
16 33
8 63
33 61
10 17
36 37
26 31
41 62
41 56
17 51
28 60
49 62
7 43
10 44
2 45
11 36
45 57
0 60
26 63
19 46
3 20
5 42
14 16
6 15
6 13
47 49
64 128 0
0 0 0 0 0 0 0 0 0 0 0 0 0 0 0 0 0 0 0 0 0 0 0 0 0 0 0 0 0 0 0 0 0 0 0 0 0 0 0 0 0 0 0 0 0 0 0 0 0 0 0 0 0 0 0 0 0 0 0 0 0 0 0 0
18 47
10 41
5 36
49 50
12 62
8 24
37 56
3 18
1 55
29 31
38 39
14 62
32 46
14 60
4 40
20 35
21 63
32 53
24 43
7 16
0 16
17 19
49 53
6 59
41 61
15 35
2 27
2 47
33 55
21 30
27 54
36 58
13 58
44 63
45 51
33 37
5 57
19 22
26 48
46 50
17 39
9 40
11 51
6 52
23 25
31 52
20 44
26 59
15 42
25 43
10 34
12 45
56 57
30 54
0 13
22 38
7 28
1 42
3 34
9 60
28 48
8 23
4 61
11 29
32 49
15 17
0 8
62 63
11 26
20 36
10 27
9 24
21 56
35 48
25 28
42 45
9 16
19 26
29 55
5 41
3 63
11 22
40 52
8 47
29 33
44 58
3 43
38 54
14 41
12 53
16 54
5 32
31 38
23 35
1 59
39 40
48 57
1 30
13 61
28 46
30 62
6 58
0 53
10 60
7 43
13 59
2 37
2 52
4 25
51 61
6 50
24 50
4 15
18 42
47 51
14 23
18 39
36 49
46 57
55 56
7 34
22 60
21 37
20 27
12 17
19 33
34 45
31 44
64 128 0
0 0 0 0 0 0 0 0 0 0 0 0 0 0 0 0 0 0 0 0 0 0 0 0 0 0 0 0 0 0 0 0 0 0 0 0 0 0 0 0 0 0 0 0 0 0 0 0 0 0 0 0 0 0 0 0 0 0 0 0 0 0 0 0
14 46
1 31
7 50
28 57
8 55
4 42
20 22
23 49
44 48
36 59
0 62
10 48
27 41
19 61
17 25
10 27
13 29
32 49
19 26
12 51
26 29
47 54
34 38
35 53
21 53
37 58
28 31
40 47
22 33
15 24
18 60
9 23
32 52
1 60
6 56
11 30
2 35
16 42
45 55
9 16
34 63
36 40
8 44
37 46
24 51
30 62
15 38
6 14
39 56
3 41
12 13
50 58
4 45
5 21
18 57
59 63
43 54
7 43
2 61
5 11
3 39
20 25
0 52
17 33
39 57
30 44
20 26
34 51
25 44
29 35
17 51
47 57
11 58
42 53
17 39
13 40
16 46
6 41
26 52
19 35
0 63
4 23
22 37
6 15
8 45
12 32
31 32
10 31
12 56
2 21
9 41
5 18
7 52
49 59
1 7
59 60
24 58
36 62
16 43
0 3
5 45
1 37
22 61
30 54
24 33
28 43
28 36
14 50
20 61
40 49
56 60
25 38
2 38
11 50
18 33
46 48
8 34
19 48
9 53
4 63
21 54
13 15
29 62
23 55
3 42
14 27
10 55
27 47
64 128 0
0 0 0 0 0 0 0 0 0 0 0 0 0 0 0 0 0 0 0 0 0 0 0 0 0 0 0 0 0 0 0 0 0 0 0 0 0 0 0 0 0 0 0 0 0 0 0 0 0 0 0 0 0 0 0 0 0 0 0 0 0 0 0 0
27 34
48 60
51 53
32 42
5 24
5 23
31 50
8 17
53 57
2 33
30 39
37 52
27 36
31 55
15 44
44 45
8 22
30 61
1 39
23 29
6 11
43 54
15 25
14 28
3 48
26 47
38 56
2 19
37 41
4 18
10 32
3 20
11 46
13 45
7 12
46 50
43 62
14 21
0 6
12 25
9 59
29 59
34 56
40 57
20 40
52 63
54 63
49 51
10 42
17 41
24 36
21 55
16 62
47 58
13 16
9 61
49 60
0 26
28 35
33 35
1 19
4 7
38 58
18 22
26 52
22 37
35 48
12 24
14 16
20 22
9 18
1 3
48 62
11 52
31 60
34 61
27 54
16 47
42 56
0 32
17 30
11 63
17 57
9 34
41 45
4 20
49 58
26 60
33 37
7 10
30 47
49 53
5 46
2 21
1 25
6 51
50 54
15 41
57 59
35 43
8 19
23 36
5 55
4 59
21 25
13 46
23 32
39 43
38 50
18 40
14 55
13 29
3 63
8 44
56 58
29 39
24 62
12 53
19 51
0 31
7 36
28 33
27 45
42 44
15 28
38 40
2 6
10 61
64 128 0
0 0 0 0 0 0 0 0 0 0 0 0 0 0 0 0 0 0 0 0 0 0 0 0 0 0 0 0 0 0 0 0 0 0 0 0 0 0 0 0 0 0 0 0 0 0 0 0 0 0 0 0 0 0 0 0 0 0 0 0 0 0 0 0
36 58
15 54
11 47
30 36
0 25
40 56
6 15
30 44
24 34
37 41
2 55
47 59
45 49
28 51
1 60
18 33
49 53
17 63
6 38
12 52
23 42
17 43
32 40
37 58
0 31
53 55
13 31
39 44
32 57
19 62
4 62
5 39
35 48
33 63
16 50
21 46
1 29
42 61
24 27
9 52
3 8
10 27
9 26
8 54
28 60
20 34
7 21
18 61
38 43
16 45
35 59
19 22
3 56
10 46
20 25
14 50
4 11
2 41
48 57
5 12
23 51
14 26
7 29
13 22
5 46
60 61
4 63
12 19
14 27
36 54
18 39
16 47
17 18
54 58
28 55
21 33
55 59
40 41
34 41
4 60
37 52
6 8
23 25
31 49
11 32
9 35
13 56
56 57
17 50
29 48
3 10
23 38
0 42
39 40
30 51
9 15
21 59
32 62
3 48
10 45
24 33
5 7
19 27
1 34
36 46
11 61
2 29
1 2
22 63
43 49
6 26
22 62
51 58
43 47
16 28
30 42
8 37
50 53
0 13
14 20
20 44
35 44
24 25
31 52
7 57
12 15
38 45
26 53
64 128 0
0 0 0 0 0 0 0 0 0 0 0 0 0 0 0 0 0 0 0 0 0 0 0 0 0 0 0 0 0 0 0 0 0 0 0 0 0 0 0 0 0 0 0 0 0 0 0 0 0 0 0 0 0 0 0 0 0 0 0 0 0 0 0 0
29 42
1 7
40 49
3 43
5 19
42 46
30 45
5 38
31 58
49 52
15 55
11 12
18 44
17 25
15 56
18 34
8 54
1 57
3 23
21 61
32 45
7 17
35 40
53 63
4 22
51 58
33 60
26 60
6 48
27 28
2 21
9 62
35 47
36 37
0 13
13 29
12 48
36 59
4 41
20 31
0 24
8 16
10 41
14 28
26 39
37 46
10 20
22 38
23 32
11 63
2 47
6 62
14 56
16 57
34 39
43 44
24 59
50 61
50 52
30 51
27 55
25 54
19 53
9 33
37 62
0 21
20 63
16 31
2 39
23 47
17 24
27 34
26 45
6 15
5 49
11 22
9 32
45 46
41 43
50 53
11 60
52 56
10 57
24 54
6 26
20 54
3 15
40 59
29 39
5 30
0 58
3 13
14 29
32 50
42 49
2 28
44 51
21 34
53 56
4 33
22 60
17 36
40 48
8 59
38 52
36 63
43 61
25 35
1 13
25 51
18 62
8 18
47 58
48 57
12 14
16 27
19 35
7 19
46 61
1 31
30 55
10 37
23 28
33 38
44 55
7 42
4 9
12 41
64 128 0
0 0 0 0 0 0 0 0 0 0 0 0 0 0 0 0 0 0 0 0 0 0 0 0 0 0 0 0 0 0 0 0 0 0 0 0 0 0 0 0 0 0 0 0 0 0 0 0 0 0 0 0 0 0 0 0 0 0 0 0 0 0 0 0
1 43
3 4
0 17
15 42
7 49
31 62
5 10
20 63
49 60
39 52
48 54
18 22
35 60
21 58
25 31
40 61
28 36
10 34
18 53
23 39
13 51
5 34
29 36
13 56
33 48
20 47
32 55
12 15
37 59
25 42
24 41
11 17
29 32
6 45
37 47
53 61
21 46
27 59
46 57
16 58
1 22
30 63
8 50
8 62
12 44
3 40
7 54
50 52
19 51
16 57
38 55
14 27
14 41
2 56
2 9
0 24
23 44
26 28
35 45
6 38
11 43
9 30
19 33
4 26
26 51
17 57
35 48
28 48
1 57
4 15
29 41
14 24
56 62
0 38
2 34
18 61
55 61
33 54
26 30
19 46
14 39
21 31
4 17
8 10
3 60
34 41
16 53
10 16
40 45
12 52
32 33
43 58
18 59
39 50
1 25
6 20
23 29
31 51
47 56
9 63
2 58
42 50
7 59
19 24
21 38
3 30
22 63
20 37
11 37
43 46
11 13
7 44
5 28
5 32
0 27
27 60
35 49
40 47
13 44
6 36
15 52
53 62
23 45
22 54
25 55
12 49
9 36
8 42
64 128 0
0 0 0 0 0 0 0 0 0 0 0 0 0 0 0 0 0 0 0 0 0 0 0 0 0 0 0 0 0 0 0 0 0 0 0 0 0 0 0 0 0 0 0 0 0 0 0 0 0 0 0 0 0 0 0 0 0 0 0 0 0 0 0 0
16 62
17 35
15 47
39 46
19 26
9 17
13 44
11 50
3 13
39 48
33 63
45 53
7 54
20 36
22 56
24 28
8 60
34 58
2 58
52 59
40 55
1 43
21 43
2 21
40 47
33 57
1 16
27 46
55 60
6 8
6 24
0 53
23 26
25 27
37 50
4 15
10 61
18 35
10 23
11 30
12 30
5 22
38 42
9 29
7 38
61 62
18 49
4 12
3 57
36 42
34 54
20 31
44 49
25 59
29 63
31 41
19 52
37 41
5 56
14 45
28 51
14 51
0 32
32 48
24 50
29 49
11 51
46 53
30 54
20 41
2 7
4 62
10 22
37 51
49 59
0 34
23 30
12 31
33 43
6 28
22 38
18 55
5 13
16 41
57 61
10 48
3 18
28 40
20 24
40 42
15 52
33 38
15 39
19 60
32 63
19 58
26 54
16 63
7 37
35 36
1 12
8 14
21 44
9 44
5 50
36 47
45 55
25 47
23 25
43 46
3 45
9 21
48 59
0 52
1 39
35 58
29 32
17 57
26 42
8 56
31 62
6 53
27 56
2 34
13 61
11 14
17 60
4 27
64 128 0
0 0 0 0 0 0 0 0 0 0 0 0 0 0 0 0 0 0 0 0 0 0 0 0 0 0 0 0 0 0 0 0 0 0 0 0 0 0 0 0 0 0 0 0 0 0 0 0 0 0 0 0 0 0 0 0 0 0 0 0 0 0 0 0
1 54
19 50
3 62
12 18
30 34
31 54
38 61
14 27
34 49
20 59
24 26
0 59
27 45
20 32
8 25
6 37
17 22
5 43
32 47
10 31
52 55
30 40
24 33
13 47
38 50
2 5
36 42
51 58
1 2
10 48
42 52
0 13
9 11
12 56
15 62
19 45
23 40
21 29
25 33
36 44
28 37
56 58
11 26
21 53
8 53
46 57
4 48
7 35
7 61
17 39
16 18
15 22
9 29
16 63
35 63
4 43
49 60
39 46
23 51
28 55
14 60
3 41
6 57
41 44
25 50
46 56
39 58
7 57
1 22
46 60
42 48
42 59
9 44
2 19
28 53
14 54
7 18
52 60
27 29
14 35
21 30
0 17
6 33
23 45
3 8
31 59
1 34
19 44
12 30
55 61
39 54
10 37
32 53
50 62
61 63
11 15
43 56
11 37
31 38
16 24
17 51
4 26
2 3
24 40
23 47
26 35
18 52
21 43
47 55
8 22
13 32
28 51
29 36
25 27
10 41
6 36
5 40
12 49
0 16
34 62
15 20
4 33
48 57
9 45
5 63
49 58
38 41
13 20
64 128 0
0 0 0 0 0 0 0 0 0 0 0 0 0 0 0 0 0 0 0 0 0 0 0 0 0 0 0 0 0 0 0 0 0 0 0 0 0 0 0 0 0 0 0 0 0 0 0 0 0 0 0 0 0 0 0 0 0 0 0 0 0 0 0 0
16 35
48 57
33 60
10 26
18 61
37 41
7 61
10 14
9 34
11 41
16 20
3 34
17 37
1 56
21 63
31 46
4 36
15 19
52 55
11 45
30 43
22 62
5 29
36 44
9 50
46 58
49 59
25 51
7 24
38 47
19 27
12 44
21 48
24 52
28 35
38 63
2 28
40 62
22 49
32 40
4 59
6 57
53 60
12 32
0 30
1 47
2 55
23 45
13 33
14 26
6 17
0 8
13 15
31 43
25 54
29 42
56 58
20 27
23 39
8 54
3 50
18 42
5 51
39 53
26 46
28 63
11 12
23 34
6 55
25 49
22 56
4 31
16 48
7 42
12 15
4 51
21 62
27 33
37 50
8 15
20 43
6 62
44 63
10 39
9 16
8 45
47 52
21 37
14 18
28 59
41 47
14 46
9 51
24 29
32 34
41 52
35 56
5 36
13 30
24 26
32 45
10 22
43 61
54 58
25 50
33 48
5 61
3 38
36 40
17 18
1 38
20 60
42 58
2 7
53 57
11 40
13 29
3 27
23 35
59 60
1 31
0 55
54 57
0 17
2 53
19 44
30 49
19 39
64 128 0
0 0 0 0 0 0 0 0 0 0 0 0 0 0 0 0 0 0 0 0 0 0 0 0 0 0 0 0 0 0 0 0 0 0 0 0 0 0 0 0 0 0 0 0 0 0 0 0 0 0 0 0 0 0 0 0 0 0 0 0 0 0 0 0
2 53
35 38
17 35
47 62
44 58
16 48
14 16
49 59
30 43
32 42
20 28
11 49
12 52
15 27
33 38
31 37
25 54
4 7
0 24
44 54
8 19
27 50
29 48
13 39
7 22
9 61
14 21
21 60
45 52
0 36
20 63
5 45
40 56
11 43
34 40
50 63
18 56
17 57
3 8
9 57
12 41
24 55
26 39
29 32
15 37
33 61
10 51
18 46
25 47
19 62
36 51
5 41
26 58
1 42
3 23
23 46
10 13
28 59
53 60
31 55
4 30
1 34
2 6
6 22
2 31
29 43
9 46
27 51
2 41
40 60
9 18
1 50
55 56
32 36
4 18
8 38
3 30
12 42
28 41
16 39
15 22
6 49
13 23
17 24
20 59
6 33
5 59
38 57
7 44
4 20
15 48
25 44
23 50
29 30
11 48
34 61
16 54
25 58
1 58
8 45
27 34
26 43
5 62
10 60
35 37
14 22
51 63
26 53
0 54
0 33
56 61
35 52
3 31
36 52
45 63
19 53
37 55
19 21
32 49
24 62
14 46
40 42
21 57
28 39
7 47
11 17
13 47
10 12
64 128 0
0 0 0 0 0 0 0 0 0 0 0 0 0 0 0 0 0 0 0 0 0 0 0 0 0 0 0 0 0 0 0 0 0 0 0 0 0 0 0 0 0 0 0 0 0 0 0 0 0 0 0 0 0 0 0 0 0 0 0 0 0 0 0 0
15 21
1 30
17 39
10 63
36 43
50 56
7 32
29 30
18 34
12 58
24 37
42 52
40 62
0 33
39 60
25 45
3 7
3 31
20 35
16 42
17 62
26 53
44 54
6 16
0 28
44 61
32 60
35 37
34 40
8 22
2 58
11 47
12 27
45 59
25 55
11 51
20 38
13 54
26 56
49 57
23 24
21 48
29 33
4 9
19 61
9 41
36 52
5 14
23 55
50 63
19 57
2 49
8 38
46 48
4 43
14 59
15 46
10 13
5 31
18 41
1 28
27 51
22 47
6 53
32 40
33 43
15 49
25 26
36 50
23 39
35 42
9 48
27 55
11 56
7 15
30 57
5 17
35 60
51 57
34 49
47 54
9 45
3 27
29 53
6 10
32 58
45 63
1 18
13 41
20 43
25 38
36 46
29 40
24 31
53 61
33 37
0 55
1 58
6 28
46 61
22 59
21 59
34 50
0 47
8 30
13 52
12 22
31 62
2 14
8 14
4 19
11 63
16 39
21 51
19 44
18 54
20 56
3 17
10 38
2 37
44 62
4 42
7 24
28 60
5 12
41 52
16 23
26 48
64 128 0
0 0 0 0 0 0 0 0 0 0 0 0 0 0 0 0 0 0 0 0 0 0 0 0 0 0 0 0 0 0 0 0 0 0 0 0 0 0 0 0 0 0 0 0 0 0 0 0 0 0 0 0 0 0 0 0 0 0 0 0 0 0 0 0
12 54
25 57
14 40
16 32
11 44
8 24
32 50
30 37
1 3
28 29
45 62
51 63
9 34
20 35
30 62
23 27
43 46
21 53
34 53
10 45
3 20
36 48
39 54
1 4
9 46
24 37
33 47
13 38
6 49
26 52
2 49
19 43
18 22
22 59
21 42
11 31
60 61
14 59
10 56
4 35
7 27
23 63
0 38
6 58
5 36
15 41
5 8
12 56
17 19
31 44
7 26
13 47
51 57
2 42
50 52
17 25
15 16
28 55
29 61
0 18
41 55
33 40
39 60
48 58
40 61
14 50
10 38
18 31
41 53
56 60
0 52
15 30
45 58
7 24
2 37
21 27
20 25
23 24
49 53
13 37
16 58
8 31
28 46
0 57
11 34
23 36
29 50
32 34
6 47
29 63
5 21
12 63
7 48
3 35
3 62
30 52
14 33
15 55
19 57
19 25
9 33
45 51
17 42
48 54
20 39
22 61
17 59
8 55
4 40
44 54
10 22
4 12
39 43
35 62
41 49
13 32
1 26
28 36
38 60
44 46
11 42
6 18
5 26
2 16
1 59
51 56
43 47
9 27
64 128 0
0 0 0 0 0 0 0 0 0 0 0 0 0 0 0 0 0 0 0 0 0 0 0 0 0 0 0 0 0 0 0 0 0 0 0 0 0 0 0 0 0 0 0 0 0 0 0 0 0 0 0 0 0 0 0 0 0 0 0 0 0 0 0 0
13 51
47 51
19 56
6 56
9 23
26 62
30 60
16 43
2 17
4 42
37 50
41 46
61 63
27 38
24 48
14 21
13 42
12 36
5 47
29 40
18 57
31 44
10 59
35 54
25 59
0 48
40 53
12 38
39 63
34 52
15 53
43 61
8 20
2 8
11 46
21 27
36 54
22 55
1 55
6 10
30 33
23 39
3 49
4 57
3 24
28 45
35 44
31 41
17 22
26 52
20 58
58 60
34 50
5 19
16 29
32 33
28 32
18 37
7 14
1 49
7 9
11 45
0 15
25 62
51 55
1 11
18 50
41 45
3 15
4 29
33 41
17 61
1 25
30 39
7 16
26 53
27 28
14 46
31 54
8 25
20 37
23 63
16 58
47 60
40 52
46 50
12 15
11 13
6 9
37 45
3 43
5 38
5 56
0 58
53 57
39 56
23 28
7 49
24 33
31 60
59 61
12 32
17 38
2 47
2 54
9 27
18 36
21 63
59 62
48 51
44 48
21 52
6 40
24 34
10 35
8 57
14 42
35 43
0 4
22 42
30 34
19 29
13 62
10 44
20 32
22 49
19 55
26 36
64 128 0
0 0 0 0 0 0 0 0 0 0 0 0 0 0 0 0 0 0 0 0 0 0 0 0 0 0 0 0 0 0 0 0 0 0 0 0 0 0 0 0 0 0 0 0 0 0 0 0 0 0 0 0 0 0 0 0 0 0 0 0 0 0 0 0
5 61
0 56
16 40
15 24
8 24
35 60
44 50
44 62
43 46
4 52
23 31
12 52
19 63
42 47
1 9
21 31
27 49
28 38
40 42
0 22
32 45
6 33
26 33
53 58
39 63
17 37
13 60
20 36
19 30
8 48
12 50
18 23
2 16
7 18
2 32
29 51
45 57
11 29
3 11
10 49
15 21
10 17
53 57
9 13
36 37
5 30
1 28
35 41
14 41
25 54
4 14
38 55
34 54
25 61
20 26
39 56
6 34
3 7
47 62
58 59
55 59
27 43
22 46
48 51
4 28
8 57
32 34
13 36
7 20
9 14
41 48
29 36
5 24
37 63
7 15
16 46
40 52
17 49
32 59
58 62
11 20
0 53
15 48
22 55
9 43
2 60
51 54
44 47
2 26
12 38
17 35
19 27
27 40
31 33
10 25
0 21
10 42
1 37
23 26
16 23
18 39
6 58
38 41
11 47
3 31
3 50
33 42
1 56
4 63
12 61
43 45
24 56
30 46
25 62
19 22
28 50
21 39
8 29
30 55
57 61
5 14
34 59
13 45
44 49
18 52
51 53
54 60
6 35
64 128 0
0 0 0 0 0 0 0 0 0 0 0 0 0 0 0 0 0 0 0 0 0 0 0 0 0 0 0 0 0 0 0 0 0 0 0 0 0 0 0 0 0 0 0 0 0 0 0 0 0 0 0 0 0 0 0 0 0 0 0 0 0 0 0 0
1 16
1 10
24 29
20 45
32 47
15 54
15 17
16 51
14 29
23 37
23 41
7 32
0 19
3 33
33 48
7 17
10 40
26 50
22 43
44 56
8 45
38 61
51 57
38 44
46 49
5 55
42 47
19 52
5 28
12 31
9 60
25 36
27 57
46 55
4 36
8 39
25 43
60 62
18 37
28 41
34 40
27 59
53 59
35 53
18 49
24 39
26 48
4 63
13 54
35 58
21 56
6 58
3 6
21 31
30 63
9 22
13 62
12 30
2 61
34 50
2 52
11 14
11 20
0 42
32 38
15 29
30 49
60 63
4 46
7 13
50 62
38 41
9 12
6 17
4 50
23 57
15 36
45 53
41 59
29 42
25 51
24 37
39 59
14 19
37 52
26 43
21 27
20 35
43 57
5 46
13 52
7 40
2 6
0 36
17 54
5 61
31 48
10 20
11 58
54 60
27 48
0 47
42 44
1 33
1 56
26 62
3 61
35 51
18 45
19 49
28 55
31 47
22 39
16 24
30 56
25 34
3 55
9 10
16 34
23 53
18 33
11 21
14 40
12 32
28 63
8 22
44 58
2 8
64 128 0
0 0 0 0 0 0 0 0 0 0 0 0 0 0 0 0 0 0 0 0 0 0 0 0 0 0 0 0 0 0 0 0 0 0 0 0 0 0 0 0 0 0 0 0 0 0 0 0 0 0 0 0 0 0 0 0 0 0 0 0 0 0 0 0
12 42
8 29
5 51
15 59
8 48
36 46
25 37
20 31
23 24
28 38
7 35
10 18
41 58
7 12
5 17
0 48
21 41
6 22
26 40
4 57
33 61
29 43
9 37
3 46
16 30
16 28
11 35
14 34
9 50
2 33
2 62
43 63
17 34
50 51
6 57
39 54
47 56
56 63
22 27
14 24
13 52
25 60
27 55
31 44
32 42
1 60
18 19
44 54
45 59
13 49
32 58
19 30
4 45
3 49
15 53
1 52
21 38
23 55
26 53
39 61
11 36
20 62
10 47
0 40
27 30
33 41
41 50
7 56
5 28
26 29
18 37
4 20
37 44
24 52
43 60
11 12
36 54
3 4
17 27
12 58
25 35
29 44
13 43
3 39
33 51
16 45
9 17
1 50
47 59
42 62
8 55
15 34
14 42
2 35
46 60
6 13
22 46
26 57
49 56
31 52
18 57
24 34
47 49
0 61
25 36
19 62
28 58
8 10
23 38
5 48
9 31
53 61
1 21
6 45
0 51
32 48
2 20
14 59
7 10
39 63
16 53
11 22
32 40
38 54
15 40
19 23
21 55
30 63
64 128 0
0 0 0 0 0 0 0 0 0 0 0 0 0 0 0 0 0 0 0 0 0 0 0 0 0 0 0 0 0 0 0 0 0 0 0 0 0 0 0 0 0 0 0 0 0 0 0 0 0 0 0 0 0 0 0 0 0 0 0 0 0 0 0 0
23 52
47 56
19 57
26 55
10 18
12 20
31 63
33 38
47 59
23 55
3 45
4 32
6 29
0 44
12 63
2 8
13 48
10 13
50 54
36 58
8 48
2 29
7 27
35 39
18 34
49 51
0 53
17 57
28 30
28 41
22 43
44 56
4 37
15 16
5 50
14 19
9 54
20 21
6 40
22 60
40 62
49 52
5 21
7 25
26 27
15 33
14 38
16 34
11 53
24 59
24 37
1 25
17 61
39 42
30 46
31 61
35 58
3 42
41 62
45 46
11 43
1 36
9 60
32 51
8 12
33 54
0 13
4 50
1 30
33 63
22 36
22 58
2 9
2 31
6 25
55 57
40 53
43 45
1 41
35 50
10 19
19 30
16 62
23 31
36 38
11 16
41 61
15 48
20 48
3 44
25 37
37 60
11 59
14 43
7 46
55 59
15 49
27 40
47 54
13 24
0 34
12 17
24 49
26 29
18 39
6 18
47 51
4 53
32 56
28 56
7 34
8 42
52 60
45 63
3 61
23 57
14 26
21 27
5 28
29 39
17 58
10 38
44 46
5 32
9 52
21 35
20 42
51 62
64 128 0
0 0 0 0 0 0 0 0 0 0 0 0 0 0 0 0 0 0 0 0 0 0 0 0 0 0 0 0 0 0 0 0 0 0 0 0 0 0 0 0 0 0 0 0 0 0 0 0 0 0 0 0 0 0 0 0 0 0 0 0 0 0 0 0
1 56
12 19
9 50
39 56
0 24
16 62
57 58
30 60
14 40
9 23
1 51
50 53
13 52
3 19
2 54
27 39
7 43
18 52
4 48
6 45
0 62
10 61
6 55
14 23
32 36
17 26
34 59
53 57
5 46
31 33
33 47
30 40
24 63
35 44
15 35
2 41
7 10
49 61
4 15
26 43
8 22
12 38
44 59
16 42
18 21
29 38
11 37
37 63
27 36
13 48
11 58
17 25
3 45
21 29
22 25
5 34
28 31
20 55
46 51
42 54
49 60
20 47
8 32
28 41
39 49
1 44
35 62
20 30
3 12
16 47
35 53
21 55
4 49
19 42
30 43
1 55
28 32
8 52
5 29
10 54
22 43
24 38
4 26
17 37
9 29
50 63
40 48
39 51
28 38
33 59
27 46
13 53
3 58
34 40
21 60
14 46
12 31
18 51
37 41
7 41
9 32
48 56
22 24
6 54
25 42
6 25
0 50
27 34
20 61
2 7
5 44
18 62
33 36
15 45
16 52
56 60
15 47
8 58
2 23
11 13
19 23
17 57
31 59
10 26
36 45
0 57
11 63
14 61
64 128 0
0 0 0 0 0 0 0 0 0 0 0 0 0 0 0 0 0 0 0 0 0 0 0 0 0 0 0 0 0 0 0 0 0 0 0 0 0 0 0 0 0 0 0 0 0 0 0 0 0 0 0 0 0 0 0 0 0 0 0 0 0 0 0 0
49 56
11 51
12 37
19 33
4 60
9 31
2 54
18 53
1 12
16 20
26 53
1 9
47 61
4 16
14 41
5 7
23 38
3 23
17 47
26 34
5 39
17 37
36 48
6 32
11 29
15 60
27 30
44 51
15 42
24 36
30 55
0 31
44 61
27 46
21 28
8 38
45 54
43 55
18 25
24 59
0 7
21 39
25 50
2 3
29 59
19 50
14 34
20 41
10 62
45 63
10 52
42 48
35 52
33 56
22 57
13 57
40 43
46 58
13 28
35 62
40 49
8 63
22 32
6 58
14 53
7 14
40 53
4 38
8 44
16 55
30 59
5 61
13 34
15 35
20 28
31 42
15 49
17 25
22 23
57 62
2 47
29 46
31 54
37 47
37 48
33 35
49 50
8 19
7 60
17 33
20 58
0 3
5 45
19 28
42 62
41 52
18 22
12 58
0 40
32 36
6 44
13 43
9 43
10 39
52 63
48 50
2 10
23 57
51 56
30 54
34 61
21 46
26 59
18 26
6 38
25 56
4 21
11 41
27 63
39 55
11 16
1 29
9 24
24 45
27 51
3 60
1 32
12 36
64 128 0
0 0 0 0 0 0 0 0 0 0 0 0 0 0 0 0 0 0 0 0 0 0 0 0 0 0 0 0 0 0 0 0 0 0 0 0 0 0 0 0 0 0 0 0 0 0 0 0 0 0 0 0 0 0 0 0 0 0 0 0 0 0 0 0
39 50
41 57
2 37
36 40
43 49
16 38
8 33
41 61
14 39
34 40
8 15
13 16
6 47
11 20
5 24
1 44
56 58
19 61
7 28
21 58
47 57
25 56
3 60
0 55
28 45
2 10
37 48
22 35
27 32
25 36
15 34
22 23
53 55
19 33
3 21
17 31
42 62
9 63
13 45
6 59
5 30
24 29
46 54
32 44
26 49
11 12
23 42
38 52
10 14
17 54
27 30
12 59
18 35
26 43
31 52
0 48
51 63
7 62
18 60
4 20
4 50
9 46
29 53
1 51
8 22
12 28
41 58
12 20
1 47
11 58
52 59
2 7
38 62
36 39
14 46
29 62
17 18
0 57
27 37
55 63
5 39
29 51
1 30
9 23
21 23
59 60
16 26
32 54
44 53
34 56
33 50
5 19
3 17
24 52
24 35
15 46
13 43
10 56
31 38
14 32
25 40
16 37
7 30
6 33
4 60
26 34
44 47
3 57
28 43
2 53
41 49
36 45
18 45
27 40
25 61
13 63
6 9
51 54
4 8
35 48
19 48
20 50
0 31
22 55
11 49
10 21
42 61
15 42
64 128 0
0 0 0 0 0 0 0 0 0 0 0 0 0 0 0 0 0 0 0 0 0 0 0 0 0 0 0 0 0 0 0 0 0 0 0 0 0 0 0 0 0 0 0 0 0 0 0 0 0 0 0 0 0 0 0 0 0 0 0 0 0 0 0 0
46 55
2 61
29 37
3 32
22 44
20 63
1 11
26 59
17 28
6 19
19 49
48 50
36 42
31 42
7 34
23 49
32 36
6 40
17 35
24 51
46 47
7 47
43 60
4 38
33 50
5 26
31 61
45 59
13 27
15 34
16 18
8 54
18 20
0 10
45 62
29 41
53 55
10 54
1 4
0 57
2 23
30 52
9 56
9 12
39 52
15 43
30 33
8 24
16 53
25 27
21 39
48 56
11 25
12 13
14 37
60 63
3 40
21 22
38 58
51 58
44 57
35 62
28 41
5 14
10 36
37 38
5 18
12 60
16 35
3 48
40 51
24 63
28 52
33 53
13 61
20 57
39 49
17 58
8 23
5 53
25 52
16 59
1 60
0 6
21 47
22 38
14 19
11 61
11 49
30 57
35 50
0 44
2 63
44 47
34 56
21 45
28 62
14 55
36 48
12 34
3 29
24 43
4 26
15 26
19 40
29 42
18 56
10 45
20 31
2 33
46 59
4 13
54 62
27 51
25 43
1 22
7 32
37 54
9 17
31 41
39 55
15 27
32 42
23 30
6 58
7 41
9 50
8 46
64 128 0
0 0 0 0 0 0 0 0 0 0 0 0 0 0 0 0 0 0 0 0 0 0 0 0 0 0 0 0 0 0 0 0 0 0 0 0 0 0 0 0 0 0 0 0 0 0 0 0 0 0 0 0 0 0 0 0 0 0 0 0 0 0 0 0
11 39
27 48
11 19
5 62
3 54
46 50
32 44
26 43
1 24
23 45
12 57
15 47
0 8
41 60
10 13
13 25
42 50
29 59
28 36
6 48
4 26
37 52
30 45
28 38
27 47
40 53
20 57
22 43
34 37
7 33
58 61
41 42
5 12
7 32
14 20
24 51
40 49
15 56
10 59
2 60
34 55
53 63
4 51
9 22
44 61
35 49
19 33
36 38
46 58
18 23
18 63
21 25
14 56
30 52
31 62
0 1
6 55
35 39
16 31
8 9
21 29
2 16
17 54
3 17
26 29
57 63
14 33
10 54
19 36
25 55
50 58
28 46
27 41
30 49
12 39
20 37
17 51
52 53
3 46
9 23
17 39
19 45
40 43
20 56
42 59
32 55
7 13
22 31
4 28
14 58
1 37
8 32
3 25
15 27
5 54
35 62
11 15
23 56
8 40
7 42
52 60
16 29
4 49
24 63
2 18
21 51
34 47
22 48
2 36
9 61
50 53
10 12
13 44
1 16
18 47
38 60
0 59
6 24
43 44
30 62
31 33
45 57
0 48
26 38
6 21
34 41
11 35
5 61
64 128 0
0 0 0 0 0 0 0 0 0 0 0 0 0 0 0 0 0 0 0 0 0 0 0 0 0 0 0 0 0 0 0 0 0 0 0 0 0 0 0 0 0 0 0 0 0 0 0 0 0 0 0 0 0 0 0 0 0 0 0 0 0 0 0 0
5 55
22 44
40 57
35 50
7 34
6 18
44 55
27 61
11 53
35 45
49 62
20 52
15 42
12 37
8 58
20 50
12 41
28 58
16 24
3 59
25 63
28 62
7 47
3 26
34 48
39 46
9 40
4 36
10 60
15 29
24 31
17 61
1 60
0 39
8 54
2 57
19 42
23 27
2 21
6 31
29 54
21 63
32 38
16 45
17 23
30 51
5 13
48 49
36 52
1 33
10 33
22 26
25 56
41 46
4 18
14 32
0 13
9 53
43 56
38 43
30 59
11 14
19 37
47 51
39 50
6 37
6 38
19 54
1 9
43 51
25 47
23 59
38 44
27 39
42 49
15 59
10 24
13 25
29 37
26 50
42 44
56 60
11 45
46 55
47 63
9 46
18 31
31 48
5 56
2 41
10 52
34 63
40 62
28 32
1 3
13 34
17 62
19 55
4 16
0 57
16 30
35 52
2 43
27 58
7 35
36 45
11 36
22 53
15 30
22 23
0 21
33 53
48 57
33 51
32 54
8 12
14 17
21 28
20 60
5 26
14 20
7 12
3 40
8 61
58 61
41 49
18 24
4 29
64 128 0
0 0 0 0 0 0 0 0 0 0 0 0 0 0 0 0 0 0 0 0 0 0 0 0 0 0 0 0 0 0 0 0 0 0 0 0 0 0 0 0 0 0 0 0 0 0 0 0 0 0 0 0 0 0 0 0 0 0 0 0 0 0 0 0
19 54
32 49
2 38
43 51
0 40
15 37
3 16
9 45
13 61
29 49
20 52
29 63
42 48
4 8
4 14
56 62
22 46
15 43
11 53
0 10
24 59
9 19
31 52
13 58
23 30
8 44
20 37
14 47
21 38
2 18
22 24
35 56
36 50
31 48
44 54
21 39
23 40
16 36
26 58
12 33
3 26
28 41
45 59
41 42
46 50
12 51
6 10
39 63
28 62
55 60
34 53
27 61
1 55
17 34
32 33
6 57
5 17
25 57
7 30
18 25
5 7
27 60
35 47
1 11
29 50
2 58
12 55
16 60
13 46
56 61
10 53
35 57
34 40
9 26
20 23
21 25
0 12
22 47
18 54
10 62
7 19
43 59
16 45
30 60
5 48
25 36
4 31
18 20
3 6
48 55
2 24
15 46
13 28
38 63
51 57
26 30
39 42
51 62
17 29
17 35
33 42
14 31
5 32
8 38
4 43
8 40
58 63
24 34
15 52
1 33
11 32
7 36
23 41
11 45
44 47
9 37
39 50
1 41
56 59
22 49
44 49
28 52
6 37
19 27
14 61
3 54
0 27
21 53
64 128 0
0 0 0 0 0 0 0 0 0 0 0 0 0 0 0 0 0 0 0 0 0 0 0 0 0 0 0 0 0 0 0 0 0 0 0 0 0 0 0 0 0 0 0 0 0 0 0 0 0 0 0 0 0 0 0 0 0 0 0 0 0 0 0 0
33 34
28 39
22 46
8 47
12 18
21 26
13 52
36 47
7 19
20 28
11 21
7 39
14 43
8 38
31 63
45 49
10 13
32 45
1 16
4 10
6 15
23 54
5 50
20 25
0 59
3 37
26 42
18 19
27 49
56 63
41 53
9 15
5 44
1 41
50 57
34 52
38 40
48 59
4 35
17 53
51 54
6 16
42 56
23 40
30 48
27 61
17 29
11 60
33 58
25 55
2 35
0 61
36 44
32 51
43 46
37 62
3 62
14 60
29 30
24 57
12 58
31 55
2 9
22 24
39 61
4 17
12 21
17 30
42 45
38 63
7 48
27 44
22 52
19 28
22 54
11 54
10 62
14 41
26 59
20 46
1 9
8 9
11 47
5 21
32 56
27 38
40 62
10 48
55 60
1 36
31 49
6 58
6 20
2 55
13 33
34 43
15 29
26 35
0 51
34 59
16 46
2 45
35 58
15 42
24 41
13 37
25 29
5 32
16 47
33 50
25 39
23 37
40 51
12 63
31 43
18 61
18 23
8 53
53 56
49 57
3 28
44 60
36 50
4 57
0 7
19 52
14 24
3 30
64 128 0
0 0 0 0 0 0 0 0 0 0 0 0 0 0 0 0 0 0 0 0 0 0 0 0 0 0 0 0 0 0 0 0 0 0 0 0 0 0 0 0 0 0 0 0 0 0 0 0 0 0 0 0 0 0 0 0 0 0 0 0 0 0 0 0
24 37
62 63
3 11
23 60
27 59
28 53
19 20
17 44
0 12
33 45
13 31
5 27
22 32
36 41
25 51
10 50
7 26
39 40
15 51
1 58
14 18
8 42
34 62
17 36
8 43
14 16
32 55
9 28
29 50
25 55
0 19
20 52
11 49
6 42
6 63
30 43
41 49
21 26
1 56
40 54
2 54
15 47
44 60
13 18
12 48
21 34
2 59
4 61
47 52
46 48
9 35
7 46
33 57
22 30
3 39
37 45
38 61
16 24
38 57
4 5
53 58
23 31
35 56
10 29
29 32
19 36
33 38
7 41
15 16
12 16
2 13
38 44
2 57
11 56
53 63
37 58
11 47
13 27
1 30
6 39
3 28
22 63
35 52
21 41
44 48
25 42
4 10
46 60
26 52
15 21
6 29
8 34
0 9
60 62
9 49
10 31
23 53
12 45
7 30
18 35
19 24
20 24
46 59
5 55
34 54
4 25
8 50
33 54
17 32
5 37
14 59
42 43
22 43
40 47
27 39
26 51
17 51
23 49
36 57
55 58
1 28
50 56
18 61
48 62
0 3
14 40
20 31
45 61
