100
40 100 0
0 0 0 0 0 0 0 0 0 0 0 0 0 0 0 0 0 0 0 0 0 0 0 0 0 0 0 0 0 0 0 0 0 0 0 0 0 0 0 0
11 36
8 39
5 33
22 26
2 11
35 39
5 23
3 12
3 38
7 21
25 32
8 13
0 32
9 16
4 34
19 20
2 18
15 36
6 24
26 33
13 17
14 23
4 21
7 19
25 29
11 28
6 12
7 27
0 12
1 36
4 10
18 33
16 18
30 34
0 15
10 22
17 29
27 37
30 31
20 35
20 37
21 37
2 39
3 32
26 36
9 29
24 27
31 39
1 12
14 38
3 20
0 38
22 32
8 11
6 18
31 33
28 35
6 13
16 26
4 5
8 15
1 29
19 35
25 31
24 34
8 14
10 14
6 28
13 23
10 37
2 34
2 27
16 32
5 7
17 33
9 20
22 38
7 22
30 39
13 26
23 34
10 28
15 35
16 38
9 30
12 15
19 27
21 24
18 29
3 9
21 28
0 25
23 30
14 36
1 37
11 24
17 19
17 25
4 31
1 5
40 100 0
0 0 0 0 0 0 0 0 0 0 0 0 0 0 0 0 0 0 0 0 0 0 0 0 0 0 0 0 0 0 0 0 0 0 0 0 0 0 0 0
15 22
3 11
0 22
10 26
27 36
0 36
4 24
2 30
6 34
25 38
14 38
8 39
2 20
17 25
5 12
7 37
15 21
1 16
9 33
17 34
3 32
23 26
8 25
7 13
13 20
16 18
1 9
1 33
24 28
4 6
19 21
6 35
27 30
32 35
19 33
7 31
5 26
11 23
28 37
29 38
2 36
14 16
0 8
22 34
12 15
5 34
15 18
17 33
36 37
8 22
5 13
14 30
12 26
20 21
3 10
10 19
2 24
24 31
21 39
4 29
6 39
35 36
5 29
11 34
0 32
27 28
3 15
3 18
7 17
10 17
23 27
30 31
1 20
4 30
9 11
7 32
0 25
6 12
23 28
26 38
13 31
11 18
35 39
18 37
8 23
1 31
14 33
22 27
10 38
9 37
13 32
4 25
19 29
14 28
19 35
12 24
29 39
16 20
2 16
9 21
40 100 0
0 0 0 0 0 0 0 0 0 0 0 0 0 0 0 0 0 0 0 0 0 0 0 0 0 0 0 0 0 0 0 0 0 0 0 0 0 0 0 0
12 32
18 27
8 15
22 29
4 10
1 25
14 19
7 9
21 30
3 13
3 7
15 39
19 33
6 28
0 6
2 31
24 27
11 20
17 39
36 37
0 35
4 26
19 22
9 25
2 28
29 34
6 20
23 26
5 28
5 10
9 18
37 39
8 31
16 22
16 32
4 14
1 38
21 24
33 38
21 32
8 13
15 24
17 34
11 29
2 36
17 33
28 37
20 21
23 35
24 37
9 27
2 34
7 30
30 31
12 38
23 39
3 12
14 33
10 13
11 25
1 20
6 11
10 19
3 36
19 20
27 30
9 26
5 7
6 15
18 36
34 35
24 32
17 25
8 16
8 38
3 32
4 37
18 22
7 26
0 39
4 16
1 12
13 35
1 29
14 31
15 26
12 23
29 35
13 17
27 34
18 21
10 16
5 25
22 30
0 14
5 23
2 11
0 28
31 38
33 36
40 100 0
0 0 0 0 0 0 0 0 0 0 0 0 0 0 0 0 0 0 0 0 0 0 0 0 0 0 0 0 0 0 0 0 0 0 0 0 0 0 0 0
7 36
32 37
1 21
11 13
8 9
12 19
8 18
2 14
0 35
16 35
4 18
17 28
22 34
3 5
36 38
20 30
14 26
0 21
27 31
11 17
24 31
15 26
7 15
12 33
13 25
24 39
5 19
4 32
0 10
2 3
16 28
30 35
27 32
6 30
11 34
1 23
25 31
29 38
10 39
13 26
7 28
6 21
20 21
0 37
22 23
9 10
16 25
4 33
23 29
26 29
3 24
7 17
8 34
8 37
14 36
15 36
4 22
19 20
13 19
11 18
9 21
15 16
14 17
32 39
28 31
24 32
19 38
14 34
5 38
35 39
2 23
1 7
27 29
0 3
20 34
6 10
18 33
3 33
18 30
12 30
2 12
26 28
11 24
27 33
5 10
31 39
1 9
9 13
1 29
25 37
12 36
17 25
6 35
6 23
5 37
2 22
20 22
8 38
4 15
16 27
40 100 0
0 0 0 0 0 0 0 0 0 0 0 0 0 0 0 0 0 0 0 0 0 0 0 0 0 0 0 0 0 0 0 0 0 0 0 0 0 0 0 0
18 39
5 28
4 32
6 24
3 11
12 26
13 19
8 20
15 36
1 15
13 31
23 38
2 5
37 38
16 39
25 35
22 35
16 26
2 12
0 29
17 32
2 11
24 30
10 21
9 34
12 36
13 33
27 38
22 39
4 23
10 20
5 23
7 30
21 34
14 36
27 28
9 33
0 35
7 15
20 31
11 24
14 23
5 25
19 37
18 30
8 18
0 28
11 26
22 24
1 7
3 38
6 13
6 17
15 28
12 16
26 36
31 34
4 29
1 37
4 14
2 13
19 32
10 31
5 10
17 38
16 36
0 24
9 27
25 33
19 22
17 39
2 3
14 29
15 20
20 25
22 32
7 9
1 8
35 37
21 30
10 29
18 19
27 34
16 21
8 29
7 34
12 37
0 18
8 33
31 33
3 6
11 27
23 30
14 26
4 17
3 25
9 28
6 21
1 39
32 35
40 100 0
0 0 0 0 0 0 0 0 0 0 0 0 0 0 0 0 0 0 0 0 0 0 0 0 0 0 0 0 0 0 0 0 0 0 0 0 0 0 0 0
12 30
17 31
3 29
17 18
10 24
10 22
15 29
4 21
8 36
32 34
30 37
24 27
2 19
14 19
1 35
23 37
25 28
16 32
13 33
5 6
11 21
0 39
6 13
26 39
34 37
8 31
25 29
33 36
1 38
16 33
26 35
9 24
7 35
3 15
7 17
11 14
2 30
12 38
27 34
10 20
7 32
25 39
5 28
20 28
18 26
4 31
5 12
15 31
2 11
1 36
23 25
6 30
19 27
21 33
15 19
16 20
0 2
22 34
9 21
4 6
9 37
8 32
17 27
6 23
13 39
0 32
3 31
14 28
12 21
22 36
20 37
24 25
10 35
26 29
10 33
0 38
1 8
2 18
15 27
9 22
23 35
5 29
14 23
4 38
5 11
16 28
4 17
13 19
1 13
3 22
26 30
0 34
20 38
7 18
3 24
12 16
8 18
36 39
7 11
9 14
40 100 0
0 0 0 0 0 0 0 0 0 0 0 0 0 0 0 0 0 0 0 0 0 0 0 0 0 0 0 0 0 0 0 0 0 0 0 0 0 0 0 0
4 28
4 23
15 18
10 11
19 29
1 6
6 35
17 26
7 16
28 30
16 25
7 39
13 24
25 34
31 39
13 37
24 36
12 26
3 34
9 36
14 17
1 27
10 39
22 33
14 38
2 27
35 38
4 35
19 37
0 33
20 23
8 21
5 25
17 31
0 5
2 32
8 18
21 26
18 37
13 23
15 19
7 11
10 36
6 20
12 22
2 12
6 14
19 26
16 32
0 16
8 31
9 29
3 28
7 27
25 36
28 31
24 34
20 30
22 24
5 9
3 4
11 15
19 33
18 29
13 25
7 21
16 38
6 32
27 39
18 35
33 37
12 23
10 14
17 23
3 32
5 34
11 34
17 30
1 8
0 35
2 31
21 22
11 20
4 15
15 20
29 30
12 28
9 39
8 38
0 2
13 30
32 37
5 22
1 14
3 36
29 33
26 38
10 27
1 24
9 21
40 100 0
0 0 0 0 0 0 0 0 0 0 0 0 0 0 0 0 0 0 0 0 0 0 0 0 0 0 0 0 0 0 0 0 0 0 0 0 0 0 0 0
0 20
8 9
14 34
14 32
13 27
31 35
19 25
5 23
1 29
11 24
11 33
2 37
16 32
29 31
2 7
0 37
10 38
6 30
18 21
4 23
25 27
6 11
4 20
12 17
10 37
1 36
9 15
19 33
22 28
16 39
29 36
9 12
26 34
2 21
4 6
5 17
28 38
21 24
34 35
3 18
3 35
20 24
6 19
14 27
15 26
29 32
7 22
30 33
0 16
2 8
14 22
26 39
31 36
19 23
25 39
9 13
21 27
20 34
3 10
1 23
17 29
2 18
7 12
6 12
8 14
11 28
1 25
8 38
5 39
9 37
11 32
24 35
0 34
13 38
26 31
15 16
27 32
10 30
3 4
30 31
17 23
25 28
5 7
19 30
7 21
1 38
22 24
12 20
15 36
16 33
5 33
22 26
4 35
8 17
0 3
18 37
10 36
13 39
13 15
18 28
40 100 0
0 0 0 0 0 0 0 0 0 0 0 0 0 0 0 0 0 0 0 0 0 0 0 0 0 0 0 0 0 0 0 0 0 0 0 0 0 0 0 0
3 34
0 35
2 34
22 36
20 22
37 38
17 20
8 14
13 18
9 31
4 35
16 26
3 21
1 15
10 32
19 26
1 18
33 36
12 21
7 37
7 29
1 11
13 36
30 38
7 26
17 24
15 33
5 9
8 20
14 27
25 28
0 25
12 18
9 13
16 23
28 31
10 39
32 35
19 23
2 6
21 36
11 27
3 28
11 13
0 29
16 34
27 32
2 12
15 22
1 6
18 37
5 24
5 35
29 34
19 33
9 39
3 8
4 12
20 30
0 16
5 22
1 30
4 24
3 39
23 33
10 28
20 32
24 38
25 27
10 26
6 36
14 25
26 37
8 15
0 21
12 17
7 19
22 23
31 33
4 30
11 38
7 30
6 19
29 31
11 17
24 34
23 38
31 32
25 35
6 8
17 37
2 13
2 15
14 18
21 28
10 14
5 39
16 39
4 29
9 27
40 100 0
0 0 0 0 0 0 0 0 0 0 0 0 0 0 0 0 0 0 0 0 0 0 0 0 0 0 0 0 0 0 0 0 0 0 0 0 0 0 0 0
1 23
20 28
6 29
11 28
12 18
27 32
2 12
7 18
26 33
19 30
1 24
33 35
4 27
23 24
21 31
3 17
26 36
5 37
22 39
14 16
10 25
6 30
9 32
16 28
4 37
1 7
8 35
17 30
5 17
13 15
2 29
14 38
25 26
21 38
0 39
12 39
7 11
9 34
4 13
22 35
0 38
4 18
17 33
22 34
5 29
11 27
20 31
14 29
9 36
26 31
13 19
24 36
15 16
8 39
10 16
11 35
5 15
23 28
3 12
21 34
6 33
17 24
2 19
2 20
5 21
1 31
7 8
20 32
0 30
25 38
23 25
24 32
3 27
3 7
10 39
6 22
0 29
18 35
33 37
13 27
9 21
15 38
6 28
8 26
13 34
1 19
4 32
12 31
8 22
3 10
10 37
18 36
0 9
34 36
11 25
2 16
15 30
14 20
19 37
14 23
40 100 0
0 0 0 0 0 0 0 0 0 0 0 0 0 0 0 0 0 0 0 0 0 0 0 0 0 0 0 0 0 0 0 0 0 0 0 0 0 0 0 0
17 23
33 36
16 25
2 31
26 35
1 35
4 19
2 21
5 9
22 30
10 26
16 23
30 32
4 11
6 13
14 17
9 15
18 28
21 39
3 20
3 34
18 26
8 20
38 39
8 25
0 4
19 21
1 22
14 38
7 14
24 37
12 24
35 37
3 36
27 32
9 13
10 15
7 39
5 27
2 29
15 36
15 22
7 18
0 1
25 29
12 14
0 16
19 30
10 11
28 34
11 13
6 37
16 31
17 29
19 39
18 32
23 34
1 26
9 28
6 33
3 16
1 30
21 36
0 33
28 32
20 22
7 21
5 39
35 38
8 38
3 31
2 35
13 23
8 15
17 18
9 27
13 24
24 33
12 32
4 25
10 20
4 22
17 27
25 27
5 36
0 10
31 38
2 33
5 34
19 29
6 14
12 29
12 37
11 37
24 30
6 7
8 11
26 28
31 34
20 23
40 100 0
0 0 0 0 0 0 0 0 0 0 0 0 0 0 0 0 0 0 0 0 0 0 0 0 0 0 0 0 0 0 0 0 0 0 0 0 0 0 0 0
9 14
28 34
0 29
1 34
10 20
26 36
16 24
15 39
1 38
13 27
17 23
21 32
23 33
26 31
11 13
24 39
11 17
19 31
9 15
5 8
10 12
12 25
3 9
26 32
29 34
1 5
13 37
4 21
0 19
30 37
16 32
6 30
6 28
2 5
16 18
27 35
28 33
20 38
7 20
22 39
13 19
2 33
2 38
15 36
12 18
29 33
7 22
14 25
24 32
9 36
4 23
4 37
14 34
7 24
8 21
10 17
17 35
11 16
1 3
0 31
19 28
0 5
9 11
15 19
5 27
2 20
6 18
29 36
25 37
6 39
21 26
1 8
22 33
3 32
28 31
8 39
20 30
10 23
4 35
15 31
22 23
2 29
12 34
13 21
10 22
25 27
3 30
7 12
7 18
24 35
11 25
14 26
8 16
6 35
3 37
14 30
0 27
36 38
4 17
18 38
40 100 0
0 0 0 0 0 0 0 0 0 0 0 0 0 0 0 0 0 0 0 0 0 0 0 0 0 0 0 0 0 0 0 0 0 0 0 0 0 0 0 0
8 33
25 32
9 33
1 20
7 8
23 32
21 26
36 39
10 17
27 29
11 22
21 22
3 15
13 24
19 38
15 37
2 5
4 19
0 28
11 12
18 23
18 32
1 39
20 39
0 16
15 31
9 34
8 27
2 23
13 17
14 28
6 36
4 29
17 20
21 30
0 37
26 34
7 19
16 25
4 35
11 32
30 31
14 26
22 27
19 22
30 37
15 24
2 18
6 8
33 39
25 35
3 37
0 12
10 34
7 38
4 5
35 38
2 13
12 31
11 26
15 36
7 31
6 17
14 27
4 24
7 28
13 21
20 24
10 20
5 35
23 37
32 33
1 11
3 5
3 9
12 21
16 17
1 29
14 25
16 33
8 34
27 36
28 34
10 19
0 31
12 23
29 30
16 29
3 39
5 26
6 28
18 36
18 25
22 35
6 30
9 10
2 38
24 38
1 9
13 14
40 100 0
0 0 0 0 0 0 0 0 0 0 0 0 0 0 0 0 0 0 0 0 0 0 0 0 0 0 0 0 0 0 0 0 0 0 0 0 0 0 0 0
15 37
21 22
11 24
2 31
3 39
1 20
1 28
7 26
0 19
0 21
12 18
5 32
6 10
13 17
14 34
26 33
8 19
8 24
14 36
25 33
23 34
15 24
5 20
32 38
13 38
13 32
7 36
11 22
3 23
9 27
28 29
7 35
31 36
9 29
14 31
6 39
4 27
12 37
4 30
16 17
16 36
8 20
17 26
14 20
1 11
3 19
18 33
1 6
15 23
19 35
10 18
0 32
6 31
0 35
2 25
2 7
9 10
21 27
12 16
29 30
30 31
4 34
23 33
5 24
2 26
10 22
25 26
13 33
7 12
8 12
18 37
28 36
3 15
32 39
5 19
11 25
20 38
15 22
8 34
4 21
35 39
5 29
14 18
1 10
3 29
13 39
6 27
2 16
9 28
28 37
16 27
17 38
23 37
0 25
24 30
11 38
4 17
34 35
22 30
9 21
40 100 0
0 0 0 0 0 0 0 0 0 0 0 0 0 0 0 0 0 0 0 0 0 0 0 0 0 0 0 0 0 0 0 0 0 0 0 0 0 0 0 0
21 34
32 36
1 38
14 38
12 39
27 29
3 29
28 36
8 28
24 31
22 25
19 39
11 30
2 7
10 27
10 11
15 18
32 35
24 37
13 23
16 34
9 14
2 37
18 39
12 18
5 21
25 27
9 10
0 35
8 20
14 30
11 33
17 29
19 26
6 23
4 16
21 25
2 23
0 12
6 24
28 38
17 37
17 22
1 30
30 36
5 35
7 35
5 36
9 32
7 33
33 34
25 26
20 28
6 20
10 31
15 39
1 4
3 8
2 13
22 38
32 37
19 35
26 27
23 38
3 16
12 21
15 23
31 37
0 10
16 24
21 33
18 25
3 4
5 14
13 19
24 29
11 13
6 27
4 34
12 32
18 20
1 31
1 15
13 20
2 33
15 31
5 29
4 9
8 19
22 34
6 36
3 7
0 22
9 17
26 30
14 16
7 11
0 39
8 26
17 28
40 100 0
0 0 0 0 0 0 0 0 0 0 0 0 0 0 0 0 0 0 0 0 0 0 0 0 0 0 0 0 0 0 0 0 0 0 0 0 0 0 0 0
26 30
25 29
0 13
21 37
3 30
36 38
6 15
1 27
5 20
35 38
17 28
8 18
2 10
22 39
3 21
33 34
11 12
4 33
8 24
9 14
17 25
31 32
26 35
20 23
2 5
7 23
14 18
2 12
22 27
0 30
28 37
29 34
34 39
14 22
5 8
15 31
10 27
18 19
0 16
15 32
21 23
1 3
14 29
6 25
16 32
37 38
1 10
5 17
9 15
11 36
2 4
4 38
11 21
19 31
7 24
13 39
3 7
17 33
24 35
0 12
20 36
14 33
18 24
2 20
12 37
21 27
7 8
4 9
16 38
6 37
6 28
11 22
19 34
1 13
29 30
12 26
22 34
17 35
26 32
8 29
0 4
19 28
23 36
13 26
9 23
16 30
1 15
11 18
9 35
28 32
19 39
10 33
24 31
3 25
7 25
5 13
6 36
10 31
16 39
20 27
40 100 0
0 0 0 0 0 0 0 0 0 0 0 0 0 0 0 0 0 0 0 0 0 0 0 0 0 0 0 0 0 0 0 0 0 0 0 0 0 0 0 0
5 26
16 24
2 9
7 35
12 21
31 37
6 39
19 29
3 34
4 38
37 38
14 23
3 33
13 18
13 36
12 27
19 25
10 35
15 30
1 23
1 22
3 18
7 34
12 26
2 35
5 15
0 18
17 32
32 33
16 28
29 33
9 27
16 25
17 21
23 31
20 22
11 29
20 31
6 37
8 15
6 17
7 30
2 7
10 36
22 27
4 31
0 38
13 25
4 8
0 1
9 28
2 26
26 39
1 6
11 14
11 16
10 19
8 19
21 30
24 33
19 28
3 14
12 15
3 23
5 36
29 31
23 30
35 37
26 32
22 36
24 35
20 24
11 13
8 12
5 38
20 37
7 18
2 39
0 34
27 34
9 17
34 38
5 18
11 15
4 29
21 36
9 24
6 21
25 32
4 30
10 39
22 25
10 17
1 32
0 14
13 28
14 28
16 20
8 27
33 39
40 100 0
0 0 0 0 0 0 0 0 0 0 0 0 0 0 0 0 0 0 0 0 0 0 0 0 0 0 0 0 0 0 0 0 0 0 0 0 0 0 0 0
15 32
20 28
2 32
17 34
28 33
10 35
8 36
10 22
12 23
6 20
26 31
3 19
21 31
9 14
30 37
16 36
0 16
21 37
15 38
5 33
16 24
24 26
5 29
11 26
6 27
13 14
9 35
25 28
17 38
4 30
3 7
8 34
18 20
10 19
6 12
1 17
27 33
22 39
13 39
25 38
20 23
7 34
0 21
19 29
7 29
37 39
22 35
10 18
12 31
8 32
11 25
4 14
21 33
30 36
9 31
15 24
1 3
6 32
4 27
0 2
2 28
6 14
15 17
13 19
5 35
16 38
36 38
28 34
25 36
11 18
4 13
0 5
16 26
14 17
1 7
1 37
23 35
3 8
18 29
11 12
8 13
9 33
0 10
2 25
5 22
4 15
26 34
21 27
20 24
23 30
3 37
9 11
19 22
2 39
30 31
1 27
29 32
7 23
12 39
18 24
40 100 0
0 0 0 0 0 0 0 0 0 0 0 0 0 0 0 0 0 0 0 0 0 0 0 0 0 0 0 0 0 0 0 0 0 0 0 0 0 0 0 0
9 25
5 31
16 18
4 39
2 29
27 32
0 32
4 20
11 17
8 17
12 22
5 37
9 30
14 22
25 37
0 12
19 23
18 36
8 21
3 27
16 34
11 22
10 20
6 19
6 20
1 29
23 27
17 35
3 30
1 14
16 28
24 33
25 34
9 13
0 7
5 26
30 33
11 14
21 38
15 24
23 33
28 35
18 31
17 31
6 12
10 13
15 26
11 37
8 26
19 32
0 15
12 13
4 27
7 35
1 7
8 38
2 21
16 36
37 39
14 29
4 15
2 33
20 35
18 28
18 38
27 38
5 29
25 32
30 36
6 23
3 23
1 24
16 22
9 37
10 31
10 29
26 34
34 39
3 36
11 25
3 20
6 14
0 34
5 21
9 35
21 24
10 19
1 30
13 36
2 31
12 26
4 33
28 38
17 39
13 39
24 28
7 22
7 19
2 32
8 15
40 100 0
0 0 0 0 0 0 0 0 0 0 0 0 0 0 0 0 0 0 0 0 0 0 0 0 0 0 0 0 0 0 0 0 0 0 0 0 0 0 0 0
10 17
6 38
15 18
2 36
3 12
6 26
10 34
31 37
30 39
34 35
14 39
4 31
7 20
1 17
5 24
9 15
4 37
9 26
23 32
2 25
27 34
18 32
0 25
28 35
30 33
14 22
1 29
6 14
13 21
12 19
11 19
9 21
7 29
25 35
8 24
12 28
0 10
16 39
37 38
3 5
8 31
13 23
2 15
25 32
8 12
4 38
2 37
11 20
5 27
20 33
13 36
21 23
19 26
17 26
15 38
7 32
1 5
22 31
4 11
16 34
22 30
7 39
0 22
14 28
36 38
3 31
6 39
18 29
24 35
16 26
23 28
5 17
9 33
30 34
10 27
7 9
6 36
14 35
18 33
27 37
8 28
0 13
0 20
22 24
21 24
1 2
11 15
8 17
3 32
11 18
3 36
1 21
19 33
10 19
13 29
12 16
16 27
4 20
23 25
29 30
40 100 0
0 0 0 0 0 0 0 0 0 0 0 0 0 0 0 0 0 0 0 0 0 0 0 0 0 0 0 0 0 0 0 0 0 0 0 0 0 0 0 0
8 9
31 39
4 19
20 24
21 30
7 29
11 29
3 16
9 22
12 39
1 27
3 23
25 35
19 36
17 38
10 36
10 33
23 24
0 14
35 37
2 4
7 16
12 37
14 25
0 33
13 16
8 13
24 31
8 34
28 30
22 32
33 38
6 23
18 37
6 34
5 35
11 15
10 30
15 26
1 3
5 9
5 23
8 14
1 35
18 22
24 27
18 36
34 39
27 32
10 31
2 21
17 21
29 39
17 19
29 38
19 32
14 20
11 28
3 7
7 26
26 39
13 24
6 29
5 30
9 31
0 36
4 33
14 15
12 31
27 36
4 22
23 37
28 35
20 26
16 32
3 38
7 25
9 13
1 10
2 19
15 21
5 33
34 38
0 12
2 18
1 18
8 17
16 26
0 25
6 28
2 15
22 37
13 20
20 30
21 32
4 28
17 27
12 25
11 34
6 11
40 100 0
0 0 0 0 0 0 0 0 0 0 0 0 0 0 0 0 0 0 0 0 0 0 0 0 0 0 0 0 0 0 0 0 0 0 0 0 0 0 0 0
24 29
5 13
9 27
18 37
12 33
2 31
22 29
8 30
8 9
36 38
24 34
13 23
15 32
16 27
5 11
35 36
4 10
10 21
25 39
1 26
13 33
10 34
18 21
0 19
26 32
6 30
1 28
7 27
16 20
2 39
6 11
4 23
31 35
37 38
3 38
5 14
3 19
16 18
1 34
17 39
1 25
14 29
6 15
7 20
3 29
8 12
8 32
0 24
12 32
5 36
24 38
4 13
17 25
9 26
2 28
7 36
22 23
11 20
31 33
15 31
27 34
19 30
28 39
3 18
18 33
20 39
24 35
12 27
2 37
0 17
13 19
11 32
5 10
4 35
16 22
21 29
0 30
1 14
9 23
22 34
7 31
7 25
10 28
22 25
23 33
6 8
6 26
12 26
4 30
3 16
9 35
19 38
21 37
17 28
2 17
11 14
0 21
15 37
14 20
15 36
40 100 0
0 0 0 0 0 0 0 0 0 0 0 0 0 0 0 0 0 0 0 0 0 0 0 0 0 0 0 0 0 0 0 0 0 0 0 0 0 0 0 0
5 20
13 39
13 30
4 27
1 17
8 33
24 37
10 15
18 33
34 35
3 38
26 32
0 35
17 29
18 25
8 25
7 21
9 36
26 34
19 38
19 36
11 15
11 24
6 18
4 21
10 19
16 20
6 28
2 39
7 22
23 39
2 26
8 10
16 36
28 31
1 9
12 29
3 21
0 23
14 34
14 16
1 24
24 27
13 25
0 7
30 33
4 17
32 33
3 27
15 37
14 32
12 18
30 31
11 35
17 20
25 26
23 38
20 29
10 22
4 5
5 27
4 36
14 28
6 34
7 31
0 22
5 39
19 21
6 24
12 30
21 22
0 18
13 33
1 3
9 38
8 34
23 37
9 10
2 38
17 35
25 29
7 32
26 27
29 31
3 31
5 19
2 30
20 37
12 16
15 28
14 37
9 11
15 22
32 39
11 13
2 16
23 36
28 35
1 12
6 8
40 100 0
0 0 0 0 0 0 0 0 0 0 0 0 0 0 0 0 0 0 0 0 0 0 0 0 0 0 0 0 0 0 0 0 0 0 0 0 0 0 0 0
12 24
12 35
5 32
25 30
2 21
3 11
24 37
6 7
0 19
17 38
4 33
2 9
1 9
3 19
16 31
22 23
15 16
29 37
14 20
27 34
19 35
26 31
8 28
35 36
25 31
13 39
0 5
11 15
7 32
16 23
14 33
29 38
24 27
21 23
18 33
20 28
10 36
7 39
10 26
13 18
11 33
30 38
3 35
22 36
5 28
1 6
9 13
20 25
27 32
10 38
8 37
11 12
30 34
17 27
0 2
6 12
21 37
4 7
14 22
8 19
6 34
4 28
12 26
2 37
18 25
0 17
3 25
5 29
16 29
5 10
21 26
14 39
9 31
7 24
23 24
11 31
1 20
1 18
16 39
4 15
30 32
29 32
21 39
15 34
15 19
3 6
23 36
4 13
10 27
26 36
0 38
30 35
17 28
13 22
8 14
1 8
22 33
20 34
2 17
9 18
40 100 0
0 0 0 0 0 0 0 0 0 0 0 0 0 0 0 0 0 0 0 0 0 0 0 0 0 0 0 0 0 0 0 0 0 0 0 0 0 0 0 0
21 25
29 34
11 36
7 35
16 21
32 37
14 25
1 27
19 29
4 11
6 9
0 12
2 39
23 36
24 31
19 34
37 39
31 38
8 15
1 32
0 24
4 15
2 33
3 20
13 28
7 17
26 30
3 32
9 26
5 29
10 11
20 33
14 23
0 9
38 39
15 18
18 28
22 34
21 23
14 17
2 7
5 18
28 37
22 30
36 38
3 36
9 25
11 31
1 39
2 29
10 15
13 19
0 13
16 20
8 32
19 27
1 35
12 25
27 30
6 34
8 35
4 16
21 30
5 28
21 24
7 38
3 6
32 35
12 19
10 39
22 26
10 31
12 22
11 38
1 14
9 17
17 23
13 37
4 25
18 33
5 26
26 33
14 27
7 20
3 37
22 23
13 36
6 10
8 31
16 29
24 34
15 35
6 8
18 27
17 24
5 20
12 16
2 28
4 33
0 30
40 100 0
0 0 0 0 0 0 0 0 0 0 0 0 0 0 0 0 0 0 0 0 0 0 0 0 0 0 0 0 0 0 0 0 0 0 0 0 0 0 0 0
24 26
4 28
14 33
8 23
1 37
6 35
20 22
2 3
0 11
16 27
25 29
18 31
4 34
2 15
16 21
21 26
19 28
10 34
8 36
7 35
12 23
6 36
17 32
27 38
9 29
15 23
2 30
26 29
5 20
8 31
3 21
17 33
0 32
33 39
13 25
10 22
19 38
1 39
22 37
14 19
0 12
5 27
5 24
9 12
13 34
3 31
11 20
7 38
23 35
26 27
18 36
28 31
16 37
17 30
4 16
29 34
0 2
6 18
4 8
3 14
10 18
15 35
13 19
7 22
11 39
21 30
5 32
9 33
9 22
1 24
24 27
15 25
14 25
21 35
6 30
7 32
16 39
17 28
13 28
29 37
7 11
0 20
17 23
13 31
12 36
9 19
32 38
10 39
3 10
2 11
20 36
24 33
6 38
1 25
5 34
4 14
12 30
15 37
8 18
1 26
40 100 0
0 0 0 0 0 0 0 0 0 0 0 0 0 0 0 0 0 0 0 0 0 0 0 0 0 0 0 0 0 0 0 0 0 0 0 0 0 0 0 0
13 39
6 36
32 34
17 32
27 37
9 39
10 37
17 38
23 25
14 25
10 38
31 35
4 35
20 21
15 18
12 22
8 14
5 9
24 26
7 16
3 28
4 5
9 36
14 28
21 27
2 29
20 25
8 17
11 22
0 31
15 37
26 33
2 27
11 29
1 13
1 19
5 24
19 30
4 7
16 24
1 12
0 33
6 23
6 10
32 36
3 37
7 20
25 30
13 15
10 16
15 36
16 29
22 24
0 14
8 18
22 39
30 34
5 38
18 35
8 35
20 27
25 38
3 12
12 18
28 32
15 31
19 28
8 11
27 33
21 23
26 34
21 39
10 19
29 33
16 26
4 39
9 11
23 31
9 17
2 7
2 5
13 17
3 21
11 30
2 28
13 31
30 38
7 37
18 34
4 26
0 3
1 14
12 36
22 34
24 29
6 20
23 35
1 33
0 6
19 32
40 100 0
0 0 0 0 0 0 0 0 0 0 0 0 0 0 0 0 0 0 0 0 0 0 0 0 0 0 0 0 0 0 0 0 0 0 0 0 0 0 0 0
11 28
2 35
25 37
16 34
36 38
0 36
9 37
2 20
6 31
12 13
1 22
1 30
4 13
22 33
4 18
5 14
3 10
26 35
6 24
15 27
14 33
13 38
7 29
7 12
10 19
8 28
26 29
25 27
11 27
3 31
18 34
30 34
30 39
19 39
21 24
0 26
14 32
28 31
17 23
9 23
8 39
2 9
20 21
6 15
22 35
1 19
0 15
17 26
14 37
17 38
6 32
16 31
21 27
12 24
4 7
10 34
25 28
5 35
4 36
11 22
3 20
17 36
2 27
3 11
1 20
28 30
31 32
10 14
5 8
8 22
12 26
16 35
5 37
18 36
6 38
13 19
23 29
24 33
25 33
21 23
8 38
18 33
3 34
30 32
11 29
0 39
9 12
7 20
18 32
4 15
13 23
17 39
2 5
15 16
24 37
7 10
9 19
25 29
0 1
16 21
40 100 0
0 0 0 0 0 0 0 0 0 0 0 0 0 0 0 0 0 0 0 0 0 0 0 0 0 0 0 0 0 0 0 0 0 0 0 0 0 0 0 0
2 14
30 32
28 36
15 18
13 24
26 39
10 37
3 33
17 29
22 26
10 14
19 37
11 33
25 27
8 16
4 7
4 12
20 34
16 20
17 38
25 34
21 22
24 27
1 11
2 33
21 28
6 14
1 38
34 35
4 5
16 23
6 9
10 30
18 31
22 24
0 18
0 39
3 7
3 36
8 25
13 18
0 9
15 25
2 34
7 21
20 31
4 23
9 28
2 31
19 20
14 32
26 36
29 35
32 35
6 38
10 17
12 27
5 17
8 37
13 30
33 39
19 33
28 37
29 38
6 24
23 26
14 30
35 37
9 15
11 36
22 31
13 16
2 39
1 26
24 38
3 10
7 17
1 18
5 16
12 15
4 31
21 29
3 11
9 25
21 23
13 19
27 34
5 27
11 35
8 20
23 29
6 28
5 32
0 32
22 39
0 15
1 8
12 30
12 19
7 36
40 100 0
0 0 0 0 0 0 0 0 0 0 0 0 0 0 0 0 0 0 0 0 0 0 0 0 0 0 0 0 0 0 0 0 0 0 0 0 0 0 0 0
22 39
13 31
1 30
23 30
2 6
19 38
25 34
0 29
4 8
13 36
15 21
2 12
8 14
7 12
10 19
5 37
7 35
11 24
27 28
27 39
16 36
15 38
25 27
30 36
5 33
0 17
17 26
8 20
3 10
29 34
15 32
18 26
11 14
9 31
14 28
24 39
1 21
32 35
1 35
2 33
7 20
3 24
13 25
6 37
16 19
21 25
23 36
13 22
12 17
16 29
12 18
38 39
4 30
19 32
24 37
9 23
20 26
6 29
2 5
5 28
25 31
1 17
9 22
34 37
18 32
15 30
7 8
3 23
3 38
7 14
11 33
20 22
10 12
21 28
27 35
8 10
35 38
0 14
6 33
4 13
26 34
4 36
3 29
16 37
9 15
0 23
0 2
5 21
18 22
17 24
18 28
1 32
19 33
4 26
6 11
27 31
10 31
20 39
9 16
11 34
40 100 0
0 0 0 0 0 0 0 0 0 0 0 0 0 0 0 0 0 0 0 0 0 0 0 0 0 0 0 0 0 0 0 0 0 0 0 0 0 0 0 0
1 14
9 21
5 26
6 11
31 37
4 32
8 30
14 25
2 19
8 34
5 15
25 29
28 32
31 39
11 33
10 37
17 29
18 38
20 22
20 34
0 4
1 16
12 13
24 38
3 16
19 39
7 32
17 36
19 26
10 18
9 23
10 11
28 35
22 28
17 27
5 23
27 37
6 24
0 30
13 36
3 30
11 12
17 26
29 34
18 31
2 6
10 29
8 25
14 22
9 20
6 15
3 26
0 31
21 25
27 35
2 38
9 36
18 33
5 7
21 34
15 33
4 28
24 25
26 39
19 31
33 35
23 37
0 13
30 37
18 20
35 39
7 12
32 38
14 23
24 30
1 12
16 17
4 7
28 36
8 22
0 29
13 23
34 35
19 27
6 21
2 33
8 12
14 36
1 32
5 13
7 10
1 2
4 15
3 20
9 38
11 15
21 22
16 24
3 39
16 27
40 100 0
0 0 0 0 0 0 0 0 0 0 0 0 0 0 0 0 0 0 0 0 0 0 0 0 0 0 0 0 0 0 0 0 0 0 0 0 0 0 0 0
9 31
17 35
5 9
28 29
23 35
30 39
1 24
2 24
6 11
16 32
13 17
10 25
4 16
19 38
3 27
14 38
29 39
0 33
7 22
5 21
22 26
7 37
10 39
4 32
0 8
20 30
1 18
27 28
6 18
19 24
0 21
1 34
7 28
14 15
12 17
9 36
19 27
21 23
11 26
2 13
15 26
12 18
15 25
13 19
5 34
2 11
16 37
8 10
3 20
6 38
4 14
8 36
0 35
30 33
1 20
7 10
3 31
24 29
16 34
5 22
4 9
25 33
16 36
17 25
10 35
8 39
29 36
26 38
19 23
28 31
9 29
1 11
4 37
7 33
17 32
20 21
12 35
27 37
24 28
11 13
3 8
0 14
2 20
12 37
18 27
14 30
2 30
5 12
31 33
3 38
23 34
21 32
15 22
32 36
6 15
6 22
13 23
25 34
26 39
18 31
40 100 0
0 0 0 0 0 0 0 0 0 0 0 0 0 0 0 0 0 0 0 0 0 0 0 0 0 0 0 0 0 0 0 0 0 0 0 0 0 0 0 0
18 29
18 26
25 35
15 38
4 30
2 19
22 35
13 24
2 20
1 23
7 34
8 21
4 14
7 15
16 33
8 36
17 27
0 6
0 12
6 9
13 25
3 38
5 27
29 39
1 12
16 26
24 33
16 32
10 37
7 30
20 23
30 31
34 36
28 34
8 37
24 29
3 5
11 15
20 25
11 21
18 32
9 19
19 26
4 20
22 38
2 17
21 34
23 31
0 39
25 27
0 8
6 7
14 27
16 35
15 18
12 22
4 28
10 35
17 28
31 32
8 23
5 9
1 27
9 11
3 10
21 30
2 16
2 13
38 39
7 14
6 29
6 14
21 22
24 37
18 36
11 33
32 33
1 10
12 19
34 37
30 33
28 36
11 25
3 24
31 37
0 32
13 19
12 17
3 39
9 15
5 14
23 36
4 38
20 31
10 26
1 35
13 39
5 17
22 29
26 28
40 100 0
0 0 0 0 0 0 0 0 0 0 0 0 0 0 0 0 0 0 0 0 0 0 0 0 0 0 0 0 0 0 0 0 0 0 0 0 0 0 0 0
17 38
24 34
24 28
5 7
6 18
4 38
9 36
12 32
2 25
0 26
4 19
8 21
9 37
29 30
12 35
5 11
8 23
27 34
33 35
2 16
23 28
26 31
27 36
1 24
5 20
23 26
7 16
3 6
14 31
10 32
0 32
15 38
29 36
13 17
12 14
11 20
2 39
3 33
6 19
8 22
13 16
8 19
9 39
13 38
15 23
25 28
18 20
1 19
1 4
29 35
22 30
34 37
11 17
21 27
10 22
2 35
10 21
36 39
33 34
25 30
5 33
24 29
3 36
28 38
6 21
4 18
7 31
14 18
12 34
5 29
2 9
0 12
14 25
23 37
15 28
6 11
27 32
20 26
10 31
3 16
16 27
1 26
22 31
8 13
11 37
1 21
13 25
4 20
0 15
17 35
17 30
7 19
18 24
0 9
14 39
30 33
3 32
10 37
15 22
7 39
40 100 0
0 0 0 0 0 0 0 0 0 0 0 0 0 0 0 0 0 0 0 0 0 0 0 0 0 0 0 0 0 0 0 0 0 0 0 0 0 0 0 0
10 37
28 36
4 18
31 36
8 34
9 37
2 25
7 10
11 30
15 19
4 12
23 33
6 19
1 38
9 34
5 35
2 3
0 16
11 17
8 29
5 6
1 14
11 24
25 28
9 26
15 21
8 32
22 36
12 17
21 28
18 33
29 30
16 26
7 20
1 4
13 30
24 39
29 37
14 27
34 35
32 37
19 25
27 29
13 25
12 23
3 32
16 31
0 21
36 39
2 31
22 33
8 20
10 38
6 38
23 26
6 17
11 35
4 19
22 28
1 16
0 13
24 30
9 25
7 26
3 4
24 32
5 14
15 34
33 34
18 30
13 38
20 28
35 36
20 33
10 11
29 39
22 27
5 21
0 2
12 35
2 38
3 15
8 17
13 14
27 31
0 37
12 27
6 22
10 39
15 24
17 32
21 31
7 19
3 39
1 26
18 23
5 18
7 23
14 16
9 20
40 100 0
0 0 0 0 0 0 0 0 0 0 0 0 0 0 0 0 0 0 0 0 0 0 0 0 0 0 0 0 0 0 0 0 0 0 0 0 0 0 0 0
11 30
9 32
5 26
21 33
17 31
11 17
8 34
16 20
20 25
32 36
6 34
13 19
16 35
4 27
4 10
6 31
23 29
2 14
0 24
0 2
22 27
28 31
23 26
10 23
8 14
0 13
7 24
16 39
9 14
22 26
35 39
2 38
17 37
3 15
1 37
1 12
8 18
9 21
18 33
13 15
2 4
11 13
30 34
21 25
5 20
35 37
3 34
24 32
8 29
19 39
25 30
32 33
6 36
10 16
20 35
12 26
7 11
9 28
18 38
6 33
31 38
23 37
10 25
7 16
12 39
5 10
1 18
15 32
0 15
27 36
4 8
14 28
9 22
3 38
27 35
14 31
19 24
2 17
11 29
20 28
23 30
0 27
12 38
6 24
29 33
4 15
1 26
34 39
19 37
22 29
13 36
21 28
19 30
1 3
5 7
3 25
7 18
12 17
21 36
5 22
40 100 0
0 0 0 0 0 0 0 0 0 0 0 0 0 0 0 0 0 0 0 0 0 0 0 0 0 0 0 0 0 0 0 0 0 0 0 0 0 0 0 0
19 32
18 37
9 39
5 19
10 30
3 10
22 38
4 29
12 34
2 8
4 25
0 25
6 28
0 13
14 36
13 36
2 34
1 21
12 15
11 28
1 17
16 34
13 30
24 26
20 30
7 21
4 8
19 33
9 14
9 38
35 38
18 25
32 33
15 24
18 31
27 28
0 6
6 14
23 36
17 20
1 4
11 14
8 30
1 31
12 32
5 10
7 15
3 23
27 39
0 22
6 37
26 27
26 38
35 37
3 11
2 9
10 12
29 36
20 32
16 22
13 38
5 18
33 34
19 34
2 39
14 25
6 8
7 8
5 16
23 26
24 39
29 30
10 18
9 28
2 13
11 33
31 35
12 17
21 28
7 35
3 7
20 36
21 31
19 35
32 37
1 24
23 25
5 17
20 29
4 33
29 39
15 22
0 26
16 27
3 24
21 27
15 37
11 31
17 22
16 23
40 100 0
0 0 0 0 0 0 0 0 0 0 0 0 0 0 0 0 0 0 0 0 0 0 0 0 0 0 0 0 0 0 0 0 0 0 0 0 0 0 0 0
23 36
12 36
3 30
9 33
24 28
6 19
28 34
0 31
5 13
4 38
17 18
13 19
8 25
5 22
0 37
1 39
31 38
11 37
9 27
10 20
12 35
15 23
0 26
20 27
16 17
1 30
7 8
6 21
2 22
2 33
9 14
29 33
4 14
4 32
18 37
23 38
34 39
7 15
11 24
21 26
24 35
13 33
6 30
10 21
10 18
25 27
16 19
0 32
19 31
20 31
5 6
16 29
8 17
23 24
4 39
8 36
5 14
1 28
3 25
9 29
15 17
16 32
28 29
12 38
12 37
18 26
20 36
11 20
26 34
32 35
18 33
2 13
2 38
11 36
4 22
7 22
28 30
9 39
8 37
3 23
15 19
3 24
5 27
12 25
1 7
10 25
27 34
11 35
0 2
21 35
7 39
21 34
15 22
14 29
1 17
13 32
6 26
3 10
16 31
14 30
40 100 0
0 0 0 0 0 0 0 0 0 0 0 0 0 0 0 0 0 0 0 0 0 0 0 0 0 0 0 0 0 0 0 0 0 0 0 0 0 0 0 0
7 18
3 8
12 32
9 29
21 22
1 39
0 36
15 36
0 34
16 33
13 24
5 14
23 30
10 25
20 27
27 30
31 35
21 29
14 28
11 37
19 34
8 32
0 6
13 33
2 13
3 26
16 31
8 17
7 28
1 16
4 37
7 10
9 37
20 24
5 35
19 35
10 27
22 38
12 22
14 38
2 21
4 21
20 33
9 25
15 23
17 28
4 13
12 25
30 37
0 39
6 17
18 24
3 36
1 8
6 28
12 29
11 35
16 26
27 34
5 15
1 2
3 30
1 7
10 20
6 36
34 36
22 35
7 30
34 38
20 22
31 38
14 16
19 31
27 39
9 18
25 32
11 19
13 29
26 28
23 33
10 17
26 32
15 18
26 33
4 23
15 21
6 12
8 19
24 31
0 4
2 18
2 5
3 29
11 32
9 23
11 14
25 39
17 24
5 39
37 38
40 100 0
0 0 0 0 0 0 0 0 0 0 0 0 0 0 0 0 0 0 0 0 0 0 0 0 0 0 0 0 0 0 0 0 0 0 0 0 0 0 0 0
5 30
2 32
3 38
5 26
1 15
13 18
8 20
14 19
0 34
10 27
9 31
14 24
16 31
17 30
3 6
19 27
4 35
9 38
0 6
29 39
13 32
12 28
9 11
23 35
15 33
23 24
18 37
11 16
17 32
25 28
2 7
16 39
20 21
1 12
10 36
25 37
0 8
4 22
26 31
35 38
10 39
29 33
1 6
14 38
3 22
7 27
6 8
23 36
26 29
5 8
21 27
4 34
21 28
22 39
1 20
9 24
13 19
25 33
11 13
26 30
15 21
16 34
7 35
1 16
5 25
14 36
9 37
3 31
5 12
7 11
30 32
2 30
19 35
17 29
6 18
12 24
24 32
0 31
0 33
14 28
7 23
4 18
2 36
22 33
20 34
10 17
3 23
18 29
10 11
20 38
8 22
27 37
12 34
17 19
4 13
21 37
15 39
26 36
2 28
15 25
40 100 0
0 0 0 0 0 0 0 0 0 0 0 0 0 0 0 0 0 0 0 0 0 0 0 0 0 0 0 0 0 0 0 0 0 0 0 0 0 0 0 0
6 7
10 16
11 36
13 14
18 27
2 28
6 32
13 36
33 35
9 14
15 17
2 26
20 21
4 9
7 21
12 31
5 15
1 23
34 39
3 20
5 14
19 31
11 29
25 33
8 37
34 38
16 31
9 26
2 32
19 29
8 13
0 23
3 34
15 22
30 38
17 25
1 35
10 18
6 24
4 21
24 30
23 33
11 28
5 37
1 7
5 16
16 22
7 35
17 27
36 38
22 32
2 20
1 39
12 19
0 4
4 12
26 33
24 29
30 37
18 24
18 20
7 15
11 27
0 15
5 13
35 39
9 30
14 36
6 36
14 32
21 31
8 34
3 23
28 34
28 31
8 18
4 10
26 38
27 32
2 25
9 29
12 37
10 23
17 35
11 22
33 38
8 25
3 13
0 17
1 25
20 22
16 30
0 21
19 26
19 39
27 39
6 12
28 29
3 24
10 37
40 100 0
0 0 0 0 0 0 0 0 0 0 0 0 0 0 0 0 0 0 0 0 0 0 0 0 0 0 0 0 0 0 0 0 0 0 0 0 0 0 0 0
10 31
4 9
5 25
1 29
3 20
28 32
8 14
0 19
20 26
17 35
18 38
5 8
12 16
6 23
6 36
36 39
13 19
11 27
2 3
29 35
10 32
15 25
27 34
15 30
7 38
1 10
2 37
21 33
6 22
0 13
16 20
1 36
11 26
9 23
11 14
22 30
24 29
21 28
3 38
9 24
37 39
1 39
17 23
18 21
0 25
4 35
5 32
33 34
4 26
12 19
16 35
19 23
3 32
26 34
15 31
2 33
5 12
13 30
8 37
7 13
16 27
5 36
8 10
18 32
24 25
16 31
20 38
31 34
14 36
2 29
11 35
14 22
17 29
6 17
25 39
13 38
9 28
8 24
7 33
7 28
14 19
0 4
27 28
21 22
0 18
18 31
24 30
2 26
17 20
34 37
4 6
3 30
10 33
23 27
1 37
7 15
9 12
12 15
22 39
11 21
40 100 0
0 0 0 0 0 0 0 0 0 0 0 0 0 0 0 0 0 0 0 0 0 0 0 0 0 0 0 0 0 0 0 0 0 0 0 0 0 0 0 0
34 39
34 37
15 16
12 26
18 21
6 22
9 15
23 36
1 17
25 27
14 37
4 31
30 31
33 39
26 32
11 30
2 35
6 10
8 38
14 18
8 31
17 26
5 22
7 20
19 20
4 19
9 27
29 32
15 35
3 35
14 32
22 37
8 36
16 29
28 33
13 28
0 16
13 17
24 27
6 7
31 38
0 17
5 10
3 34
21 25
23 33
16 21
13 23
2 4
7 30
29 39
11 35
4 36
5 12
24 36
10 30
6 24
18 32
1 34
1 18
31 33
9 34
20 23
0 29
14 22
11 13
15 22
0 25
21 39
38 39
26 37
15 33
10 12
27 32
8 28
35 37
8 20
2 11
3 27
16 19
6 38
12 25
14 19
4 29
20 24
2 5
0 19
21 36
18 28
24 28
25 38
1 5
3 7
9 26
3 9
17 23
2 30
12 13
7 10
1 11
40 100 0
0 0 0 0 0 0 0 0 0 0 0 0 0 0 0 0 0 0 0 0 0 0 0 0 0 0 0 0 0 0 0 0 0 0 0 0 0 0 0 0
19 38
2 23
36 38
9 36
7 31
8 33
3 5
25 27
12 15
17 30
4 7
12 37
18 34
22 37
28 39
8 20
10 17
2 26
13 23
29 39
6 21
1 23
7 26
0 26
30 33
25 32
5 20
12 34
16 29
9 18
9 24
16 28
3 22
28 35
31 37
6 10
14 30
0 11
4 32
3 11
6 35
1 38
5 25
2 32
25 31
0 36
20 30
15 24
15 16
22 34
17 38
27 37
28 34
8 35
7 13
1 19
19 22
9 14
23 39
21 39
26 29
24 27
8 14
3 19
20 36
12 23
2 30
8 16
21 36
13 38
18 31
24 25
21 26
20 29
11 39
10 12
15 17
4 10
28 33
22 31
17 21
1 4
18 37
5 9
0 14
1 7
32 35
18 19
13 33
5 11
3 27
4 16
32 34
10 35
11 29
2 24
15 27
14 33
6 13
0 6
40 100 0
0 0 0 0 0 0 0 0 0 0 0 0 0 0 0 0 0 0 0 0 0 0 0 0 0 0 0 0 0 0 0 0 0 0 0 0 0 0 0 0
37 39
0 24
12 34
21 30
33 34
9 11
9 19
32 38
6 11
4 29
35 38
12 26
6 32
20 23
30 36
2 18
13 15
5 15
2 35
27 33
24 34
16 25
25 39
26 38
13 28
1 26
12 14
13 23
3 21
21 24
7 29
10 28
22 33
6 29
1 10
17 32
8 17
3 31
9 16
18 39
31 35
2 21
25 30
18 37
15 30
8 14
22 29
3 36
4 18
6 27
8 23
14 20
19 27
11 20
15 37
0 10
11 26
19 31
7 34
5 35
3 23
23 36
29 38
28 33
16 21
6 13
7 13
4 32
16 32
8 39
5 39
10 12
0 1
1 2
17 37
24 25
9 20
15 33
22 24
0 4
17 36
25 31
1 12
9 27
16 38
19 28
4 27
11 22
22 28
20 35
3 34
0 14
2 31
5 18
14 17
8 26
30 37
5 10
7 19
7 36
40 100 0
0 0 0 0 0 0 0 0 0 0 0 0 0 0 0 0 0 0 0 0 0 0 0 0 0 0 0 0 0 0 0 0 0 0 0 0 0 0 0 0
26 36
0 30
1 35
24 38
9 21
20 33
25 29
22 34
3 4
32 37
20 22
19 39
19 37
23 32
10 25
8 17
0 10
2 6
30 31
5 18
0 38
12 23
3 8
13 28
11 16
6 9
23 24
2 7
26 27
22 31
15 38
1 14
4 18
13 14
30 35
12 21
33 37
27 36
5 17
7 11
5 28
16 30
14 34
11 29
8 12
8 10
20 39
18 36
33 36
2 20
4 19
19 31
25 35
25 34
6 16
1 32
0 31
5 32
7 21
13 15
22 35
36 39
29 30
10 15
21 34
9 28
9 24
10 35
4 33
23 29
6 38
22 27
3 17
3 37
6 26
31 37
4 5
25 28
19 27
23 26
9 15
1 24
1 20
21 27
2 14
13 18
7 17
11 18
11 14
15 33
13 29
3 7
16 24
28 38
0 17
2 12
8 34
12 39
16 26
32 39
40 100 0
0 0 0 0 0 0 0 0 0 0 0 0 0 0 0 0 0 0 0 0 0 0 0 0 0 0 0 0 0 0 0 0 0 0 0 0 0 0 0 0
6 26
7 34
5 23
27 31
5 38
22 29
15 21
2 36
15 33
14 16
1 10
4 9
25 28
30 31
17 30
24 39
12 39
8 9
11 35
17 37
7 16
7 36
19 26
11 27
11 32
18 19
3 14
25 30
21 23
8 13
13 37
1 18
10 20
31 33
22 38
0 12
10 17
25 27
14 24
3 4
9 29
20 32
15 38
23 28
17 26
20 22
8 19
30 36
5 32
26 35
2 8
0 24
1 24
10 39
16 28
6 29
27 33
13 22
34 39
9 18
32 37
4 33
5 21
9 25
6 39
6 15
3 37
19 23
2 12
5 26
8 35
23 31
0 1
7 35
29 36
2 38
11 34
11 25
17 33
0 14
16 22
16 37
13 30
20 21
19 21
3 20
27 35
12 13
6 7
10 32
18 34
4 36
2 31
0 34
3 15
1 28
14 18
24 38
4 29
12 28
40 100 0
0 0 0 0 0 0 0 0 0 0 0 0 0 0 0 0 0 0 0 0 0 0 0 0 0 0 0 0 0 0 0 0 0 0 0 0 0 0 0 0
11 35
16 24
19 25
30 37
11 29
4 38
8 15
9 32
26 27
15 17
1 3
10 31
3 8
20 38
10 39
6 9
4 28
16 34
0 12
33 34
5 6
13 31
5 13
9 28
6 11
22 31
7 26
27 30
23 27
14 39
0 8
2 17
19 33
2 34
19 35
14 21
24 35
23 37
0 36
10 18
15 30
1 34
16 28
21 22
26 29
18 19
4 17
18 36
14 20
7 33
29 33
5 32
23 30
2 38
3 28
3 25
4 8
15 21
12 32
7 25
5 16
3 12
13 16
20 31
10 36
12 37
27 39
1 37
9 17
11 13
9 29
21 27
25 38
1 31
7 35
6 24
11 24
10 35
0 4
22 34
20 37
23 36
0 39
13 30
20 39
17 32
2 7
14 18
1 19
5 38
8 26
22 26
33 36
22 25
18 28
12 23
6 21
15 29
24 32
2 14
40 100 0
0 0 0 0 0 0 0 0 0 0 0 0 0 0 0 0 0 0 0 0 0 0 0 0 0 0 0 0 0 0 0 0 0 0 0 0 0 0 0 0
5 12
11 18
3 19
26 37
7 8
31 36
9 17
28 38
0 11
6 10
6 35
1 39
4 9
27 30
21 22
8 36
20 32
14 34
0 24
20 27
38 39
5 16
13 29
17 29
23 33
4 10
21 32
6 31
14 16
2 20
18 19
21 25
8 25
26 34
23 31
5 13
4 19
15 28
1 38
3 18
7 15
0 22
16 22
2 23
10 15
30 34
19 39
1 9
6 14
5 27
3 35
26 35
28 32
11 25
32 37
7 29
4 33
12 18
9 36
13 24
25 37
12 30
18 38
24 31
2 14
12 33
26 32
4 14
21 24
21 31
17 27
15 20
1 36
6 39
2 17
10 33
19 30
3 8
11 39
0 36
11 37
7 10
28 37
15 34
3 28
29 38
26 30
7 24
29 34
33 35
17 23
9 22
1 5
20 25
0 23
8 13
12 16
27 35
13 16
2 22
40 100 0
0 0 0 0 0 0 0 0 0 0 0 0 0 0 0 0 0 0 0 0 0 0 0 0 0 0 0 0 0 0 0 0 0 0 0 0 0 0 0 0
14 24
11 18
10 12
32 36
8 19
23 39
7 30
0 35
5 31
8 13
6 10
16 38
3 31
2 27
20 33
23 24
3 9
28 37
14 37
19 29
20 24
0 2
28 36
5 38
33 36
6 16
11 19
10 26
12 21
25 34
2 22
12 23
1 31
1 34
13 15
13 16
30 32
4 17
14 17
20 35
30 36
27 29
9 11
1 18
22 31
26 27
8 26
25 35
9 39
8 38
7 13
5 18
12 15
10 28
21 25
3 20
37 39
4 23
15 35
33 37
22 24
13 29
10 11
11 17
34 35
0 15
0 21
2 36
19 27
14 30
4 8
6 20
24 28
3 28
22 38
23 32
16 34
3 7
19 30
5 32
0 14
6 25
2 9
1 16
21 37
18 32
4 5
1 27
18 31
4 6
17 21
17 22
29 33
7 9
12 39
38 39
33 34
25 29
7 26
15 26
40 100 0
0 0 0 0 0 0 0 0 0 0 0 0 0 0 0 0 0 0 0 0 0 0 0 0 0 0 0 0 0 0 0 0 0 0 0 0 0 0 0 0
20 38
12 22
9 24
15 33
23 36
5 28
4 19
24 26
1 28
0 31
17 39
8 34
11 27
11 25
13 26
3 30
13 27
8 12
34 37
16 29
14 35
13 35
4 21
11 20
2 27
9 32
15 37
4 24
0 9
3 8
6 39
17 37
28 39
5 25
14 31
6 10
16 30
3 7
34 36
18 31
10 34
15 25
1 5
2 31
29 33
21 38
18 38
15 36
16 32
12 18
16 22
7 29
9 23
10 20
24 32
19 23
12 36
26 33
0 5
14 26
11 39
19 22
17 18
1 27
7 27
29 35
26 39
10 21
2 38
28 30
13 23
20 37
6 22
0 8
6 21
9 30
20 34
3 25
1 4
7 36
33 35
11 21
0 37
8 14
24 35
19 28
30 31
15 32
12 38
3 6
19 25
10 17
23 32
2 5
4 7
16 17
14 22
18 33
13 29
1 2
40 100 0
0 0 0 0 0 0 0 0 0 0 0 0 0 0 0 0 0 0 0 0 0 0 0 0 0 0 0 0 0 0 0 0 0 0 0 0 0 0 0 0
12 39
13 26
6 19
14 26
18 25
10 12
21 36
15 28
14 22
34 37
4 7
24 28
16 32
24 36
17 37
10 32
3 34
7 27
9 13
0 35
9 10
20 34
15 16
2 5
4 16
23 28
8 38
24 29
0 39
14 15
7 11
25 32
1 29
25 31
33 36
9 30
3 19
8 12
2 38
3 5
2 13
35 37
4 22
23 39
12 31
19 35
6 7
0 4
30 33
26 32
22 36
0 11
17 24
20 21
9 20
3 27
13 30
16 18
19 25
1 11
6 24
31 37
25 33
10 33
18 27
1 6
11 23
15 38
8 18
5 17
8 29
22 34
29 32
4 14
0 38
5 9
23 26
28 39
30 37
21 35
10 22
21 27
1 34
23 31
20 39
7 29
14 30
2 28
8 26
17 31
18 21
16 17
2 33
1 27
5 19
12 38
3 6
11 13
35 36
15 20
40 100 0
0 0 0 0 0 0 0 0 0 0 0 0 0 0 0 0 0 0 0 0 0 0 0 0 0 0 0 0 0 0 0 0 0 0 0 0 0 0 0 0
8 34
3 27
12 35
7 38
1 38
17 26
32 33
20 24
13 25
34 35
7 22
10 17
8 36
16 26
2 11
2 15
0 6
30 37
16 20
15 18
30 33
14 24
10 37
21 23
21 27
6 15
3 28
9 37
25 26
5 16
29 35
12 19
4 27
8 11
23 39
11 31
1 22
13 24
2 19
6 39
1 20
26 34
18 32
17 37
5 29
12 20
11 25
4 8
14 38
12 13
18 19
33 36
31 39
25 28
3 38
16 29
9 32
0 10
7 21
14 33
4 24
6 35
28 39
7 9
20 31
4 23
24 27
0 34
1 30
12 34
19 22
6 21
11 23
7 31
30 36
2 35
1 9
15 36
5 38
17 27
16 32
10 25
8 14
3 13
5 17
18 22
4 14
18 30
37 39
32 36
3 26
29 33
0 23
10 21
15 22
5 31
13 19
0 28
2 9
28 29
40 100 0
0 0 0 0 0 0 0 0 0 0 0 0 0 0 0 0 0 0 0 0 0 0 0 0 0 0 0 0 0 0 0 0 0 0 0 0 0 0 0 0
1 7
0 15
15 36
25 29
25 32
11 18
5 17
8 12
6 27
24 29
5 22
10 20
11 35
6 31
9 34
4 14
33 37
13 14
1 30
21 34
14 38
27 36
10 28
19 31
22 28
10 30
8 18
2 29
12 39
9 17
2 3
16 33
13 32
17 35
20 24
30 35
4 26
19 36
15 37
23 38
9 18
34 39
2 8
27 30
13 29
6 22
24 34
0 17
26 32
14 16
7 23
7 9
5 28
21 25
25 27
13 39
3 12
6 37
11 16
0 1
1 21
21 23
9 37
34 38
7 11
0 3
16 35
5 33
33 38
17 20
1 36
4 27
3 35
18 26
12 24
15 29
19 20
8 31
8 19
10 31
4 32
18 36
12 26
0 2
14 39
6 26
3 24
2 10
33 39
23 28
5 7
25 38
32 37
13 23
21 28
11 20
16 22
4 19
30 31
15 22
40 100 0
0 0 0 0 0 0 0 0 0 0 0 0 0 0 0 0 0 0 0 0 0 0 0 0 0 0 0 0 0 0 0 0 0 0 0 0 0 0 0 0
3 19
27 33
7 28
12 29
1 34
7 19
0 38
13 26
16 34
5 10
12 31
2 27
26 33
14 24
3 10
31 36
14 21
20 39
6 9
1 25
27 36
1 8
2 35
0 28
15 22
12 17
11 13
9 39
6 11
6 18
4 26
8 32
25 34
22 31
19 21
37 39
15 30
10 23
2 29
17 28
29 38
7 34
33 39
16 32
20 31
4 16
0 24
26 30
32 36
4 12
35 37
5 8
14 17
3 36
14 18
15 24
25 33
18 23
13 21
27 37
10 22
5 25
28 31
6 21
9 21
25 30
29 35
5 9
3 18
0 17
2 32
2 19
7 8
7 38
30 33
1 19
23 35
11 39
20 24
1 10
18 34
11 22
6 13
12 23
0 16
30 38
14 35
8 11
13 37
26 38
9 37
3 20
22 27
15 20
23 24
5 28
4 15
4 32
16 17
29 36
40 100 0
0 0 0 0 0 0 0 0 0 0 0 0 0 0 0 0 0 0 0 0 0 0 0 0 0 0 0 0 0 0 0 0 0 0 0 0 0 0 0 0
3 28
5 17
11 35
4 23
4 10
5 15
16 32
26 28
25 36
36 37
27 29
12 15
3 38
1 38
1 12
0 30
13 17
11 30
2 27
9 22
8 18
17 25
16 25
11 39
27 34
7 38
6 12
20 32
0 37
1 23
8 21
19 35
21 24
14 23
16 26
13 33
15 29
24 29
2 31
9 28
15 19
20 34
0 12
14 21
5 7
6 20
6 33
9 29
26 30
7 19
30 39
18 32
3 9
0 31
33 37
10 11
22 31
3 4
16 36
26 35
10 26
4 13
16 38
27 30
24 28
5 25
4 27
28 36
8 11
2 23
2 17
5 39
24 32
8 22
14 22
34 37
21 39
6 17
7 18
1 10
31 36
13 35
1 14
10 19
23 34
20 35
6 31
18 33
8 38
2 25
3 21
9 37
0 13
15 32
24 34
18 22
19 29
14 33
12 39
7 20
40 100 0
0 0 0 0 0 0 0 0 0 0 0 0 0 0 0 0 0 0 0 0 0 0 0 0 0 0 0 0 0 0 0 0 0 0 0 0 0 0 0 0
8 22
31 33
19 27
5 38
10 19
1 12
21 30
1 16
27 39
28 36
9 13
14 38
24 31
6 35
20 34
7 18
23 25
22 25
3 16
0 10
7 35
2 39
14 26
14 28
4 11
15 36
3 15
3 39
7 9
4 6
13 35
2 22
24 32
8 38
24 29
1 37
5 32
17 20
21 27
20 30
22 37
10 31
8 28
11 17
29 36
10 33
2 19
17 34
12 15
23 36
19 29
9 37
0 16
4 31
18 30
0 14
12 34
21 26
26 33
25 27
1 24
3 12
18 20
8 15
5 14
35 38
11 13
9 11
27 38
1 39
16 30
16 25
21 32
7 22
7 24
2 18
31 32
6 29
21 23
3 13
5 33
17 28
4 34
10 23
8 30
29 34
18 35
2 6
6 9
4 37
15 23
0 32
13 33
25 26
0 36
11 39
12 19
28 37
17 26
5 20
40 100 0
0 0 0 0 0 0 0 0 0 0 0 0 0 0 0 0 0 0 0 0 0 0 0 0 0 0 0 0 0 0 0 0 0 0 0 0 0 0 0 0
29 35
3 29
27 31
4 9
0 13
6 28
11 22
27 37
1 12
2 8
2 20
16 37
0 19
30 36
8 10
5 13
30 34
15 38
14 34
23 32
17 32
11 35
4 25
23 25
18 33
5 19
22 24
23 29
1 27
5 39
26 36
12 15
36 37
9 33
7 21
1 24
4 31
18 21
13 28
10 17
25 31
4 28
3 11
2 12
14 26
6 39
35 39
9 14
6 30
16 36
7 33
22 28
0 37
0 20
1 34
15 30
23 38
2 10
8 35
8 15
9 22
4 17
25 32
10 21
10 26
7 18
7 39
12 31
17 27
24 38
13 29
20 37
16 21
33 34
5 15
3 5
19 31
24 29
19 26
1 13
6 11
12 30
14 19
20 33
8 21
9 35
3 23
7 34
22 38
32 36
26 38
6 20
3 16
11 16
2 25
18 27
18 39
0 17
14 28
24 32
40 100 0
0 0 0 0 0 0 0 0 0 0 0 0 0 0 0 0 0 0 0 0 0 0 0 0 0 0 0 0 0 0 0 0 0 0 0 0 0 0 0 0
6 37
4 39
16 39
20 30
12 33
4 34
13 28
1 38
9 20
17 32
27 31
10 35
14 21
0 18
8 15
33 35
0 19
27 36
5 13
7 21
26 35
11 26
13 24
10 18
15 27
9 21
12 37
6 38
34 38
5 16
15 36
7 34
20 23
3 22
2 24
7 12
17 30
18 29
25 29
22 28
0 30
29 39
9 14
7 23
2 19
2 35
8 19
0 14
1 22
15 33
18 32
11 25
5 21
6 25
3 31
9 36
3 10
16 17
34 37
4 28
25 38
22 37
17 39
26 33
8 17
8 28
5 11
1 3
4 32
21 24
34 36
0 13
5 32
14 31
15 20
23 39
23 27
6 26
12 30
11 24
13 19
1 24
1 12
18 28
10 37
10 31
30 31
2 14
29 38
16 29
2 9
7 11
6 20
23 35
25 27
16 32
22 36
19 26
3 4
8 33
40 100 0
0 0 0 0 0 0 0 0 0 0 0 0 0 0 0 0 0 0 0 0 0 0 0 0 0 0 0 0 0 0 0 0 0 0 0 0 0 0 0 0
2 26
7 13
19 28
2 5
25 32
3 9
10 24
12 34
12 20
8 33
4 22
14 18
27 37
17 24
29 36
8 9
26 35
6 31
3 16
1 25
15 25
0 34
2 4
17 21
10 18
20 39
4 11
17 28
14 38
23 32
11 27
7 35
7 33
28 34
1 6
30 31
1 37
36 39
21 24
16 27
15 24
2 23
1 36
7 22
3 20
18 21
35 38
26 36
0 16
6 14
5 25
12 27
0 26
6 29
4 38
9 19
9 30
8 37
13 17
30 34
2 16
13 28
23 28
3 39
10 37
25 35
4 5
6 32
15 32
5 11
8 34
12 29
9 18
3 19
30 39
17 22
23 24
7 12
18 33
29 31
14 35
10 19
0 20
15 33
8 20
21 29
22 39
0 5
13 26
22 36
11 31
27 33
19 23
10 16
11 32
21 38
1 38
14 30
15 37
13 31
40 100 0
0 0 0 0 0 0 0 0 0 0 0 0 0 0 0 0 0 0 0 0 0 0 0 0 0 0 0 0 0 0 0 0 0 0 0 0 0 0 0 0
5 22
13 33
29 38
3 11
18 37
21 28
9 27
20 34
3 24
4 31
12 16
7 14
8 28
4 25
22 32
9 17
31 37
0 13
6 39
15 26
15 19
11 38
1 29
12 23
9 18
5 15
2 23
0 35
6 22
10 27
11 36
26 30
10 14
2 3
14 28
20 33
19 35
0 7
29 37
1 8
25 39
24 31
8 34
18 36
10 17
16 19
31 32
6 34
5 30
13 35
23 36
4 38
6 12
8 9
25 27
16 21
21 39
11 32
12 20
5 17
37 39
0 22
29 33
14 18
0 4
2 38
9 20
28 35
14 15
4 21
3 16
1 10
2 13
27 31
15 30
7 19
27 33
24 32
26 28
3 30
1 11
25 37
20 26
19 36
17 25
7 29
12 39
21 23
8 33
24 34
7 35
1 30
26 34
2 24
16 18
13 23
6 32
17 36
22 38
5 10
40 100 0
0 0 0 0 0 0 0 0 0 0 0 0 0 0 0 0 0 0 0 0 0 0 0 0 0 0 0 0 0 0 0 0 0 0 0 0 0 0 0 0
21 35
6 13
2 39
26 36
22 31
5 24
25 29
25 39
16 23
8 13
6 37
30 33
1 11
15 26
10 34
3 35
8 23
18 38
21 32
10 36
0 34
13 14
4 9
12 32
6 7
23 34
16 38
29 35
19 25
17 21
29 38
14 28
4 30
20 37
32 33
24 28
22 26
10 27
11 27
18 30
17 36
5 12
2 27
8 16
9 17
3 20
3 15
1 23
12 18
11 28
20 36
7 9
2 24
26 39
10 22
7 19
31 37
15 22
1 8
0 30
3 31
9 35
33 38
4 23
22 24
18 19
25 33
13 30
1 25
17 29
11 21
0 36
5 32
27 39
16 34
6 35
5 34
32 38
14 39
11 31
7 37
13 17
19 20
3 19
14 37
10 18
8 15
4 12
14 33
0 20
1 28
0 21
12 28
2 4
7 24
15 27
2 29
6 9
16 31
5 26
40 100 0
0 0 0 0 0 0 0 0 0 0 0 0 0 0 0 0 0 0 0 0 0 0 0 0 0 0 0 0 0 0 0 0 0 0 0 0 0 0 0 0
1 36
1 17
6 18
15 23
7 31
17 39
9 22
31 34
14 23
6 37
3 34
26 28
30 39
16 19
0 29
11 12
3 16
13 35
25 27
19 27
6 38
2 18
5 29
15 30
2 24
12 28
1 33
0 19
20 38
3 9
4 35
13 37
11 14
25 32
8 28
20 37
14 36
21 30
21 32
10 33
8 37
7 28
31 36
23 25
0 31
9 29
27 34
7 22
24 30
10 13
24 25
21 27
4 19
0 17
11 26
13 14
1 11
35 39
16 38
5 26
2 28
4 15
8 22
3 25
20 31
3 17
1 10
12 32
9 38
15 33
19 39
18 23
16 35
2 5
12 24
10 34
13 22
16 18
29 33
6 39
15 37
4 32
7 11
22 32
23 35
4 6
5 7
10 17
8 29
2 27
0 36
34 38
21 26
18 36
9 24
20 30
12 21
8 20
14 26
5 33
40 100 0
0 0 0 0 0 0 0 0 0 0 0 0 0 0 0 0 0 0 0 0 0 0 0 0 0 0 0 0 0 0 0 0 0 0 0 0 0 0 0 0
1 31
2 33
13 17
8 12
10 38
25 26
21 31
14 18
16 21
8 10
22 29
7 11
12 19
7 17
15 36
24 32
3 16
1 15
18 30
2 24
4 11
23 37
9 20
2 14
4 33
23 27
9 38
26 36
13 33
22 37
20 28
27 29
6 31
5 13
7 38
30 35
3 34
34 36
35 39
0 18
22 32
1 8
10 26
21 26
14 20
19 21
6 39
30 32
8 24
1 25
14 25
7 15
5 18
12 13
15 17
3 28
4 10
6 36
16 27
0 12
15 39
11 31
6 22
9 12
11 29
35 37
18 28
9 33
24 38
20 23
2 23
17 21
16 31
10 35
2 5
19 25
0 28
5 29
8 38
0 34
19 22
4 30
4 39
25 27
7 27
23 36
3 37
19 32
1 35
3 14
6 30
28 37
9 24
11 16
5 34
0 26
29 32
13 34
17 20
33 39
40 100 0
0 0 0 0 0 0 0 0 0 0 0 0 0 0 0 0 0 0 0 0 0 0 0 0 0 0 0 0 0 0 0 0 0 0 0 0 0 0 0 0
10 20
30 36
5 31
6 29
1 32
4 21
3 37
13 19
2 14
0 18
9 12
9 22
10 28
5 33
11 23
11 34
23 28
7 27
19 29
3 15
21 24
13 25
6 22
29 38
20 35
30 39
8 36
0 14
26 31
32 33
30 38
9 37
17 31
5 7
14 37
8 16
15 26
11 35
3 12
17 24
23 27
16 27
6 25
25 39
5 20
2 18
28 35
10 38
16 30
7 8
37 39
9 21
4 26
0 31
18 20
32 36
24 34
12 32
2 19
1 11
21 35
27 33
8 29
15 22
7 9
0 36
12 19
13 14
22 33
6 12
4 29
18 23
1 6
2 10
7 17
24 28
5 34
3 25
1 10
13 21
11 27
16 22
24 30
13 38
3 16
2 28
4 31
34 39
0 33
14 38
32 39
8 34
17 26
1 19
23 35
25 37
26 36
4 15
15 18
17 20
40 100 0
0 0 0 0 0 0 0 0 0 0 0 0 0 0 0 0 0 0 0 0 0 0 0 0 0 0 0 0 0 0 0 0 0 0 0 0 0 0 0 0
12 39
6 25
4 10
14 31
5 8
19 20
9 23
22 37
20 29
29 34
0 21
8 36
3 16
1 18
12 17
3 38
2 13
2 14
9 24
5 36
11 15
19 27
7 11
18 39
7 21
28 35
0 27
16 22
16 32
13 31
34 37
0 8
4 35
28 38
20 30
13 24
30 33
6 17
1 26
25 26
25 29
15 23
24 36
8 33
1 2
1 33
9 22
15 21
26 32
24 28
4 19
12 34
6 10
5 14
27 37
17 39
14 37
3 12
4 9
7 10
8 11
5 18
6 29
12 20
29 33
0 19
0 25
14 30
3 23
36 39
32 39
31 38
5 34
1 36
16 18
22 35
2 30
21 38
23 26
4 13
17 32
9 21
10 33
26 35
28 30
10 19
3 34
37 38
15 35
6 31
18 31
22 24
23 27
11 27
11 13
15 16
7 32
20 25
7 28
2 17
40 100 0
0 0 0 0 0 0 0 0 0 0 0 0 0 0 0 0 0 0 0 0 0 0 0 0 0 0 0 0 0 0 0 0 0 0 0 0 0 0 0 0
5 39
16 30
27 31
18 26
1 25
8 16
0 21
31 35
32 38
2 6
2 22
6 19
5 23
28 36
13 14
12 33
15 17
9 38
11 36
21 24
4 17
7 29
3 36
3 23
28 32
10 33
0 39
16 19
20 37
5 11
25 37
2 20
17 23
18 22
6 14
14 29
8 34
27 34
18 27
13 33
1 12
4 35
10 21
8 38
25 36
18 24
27 30
2 9
13 21
8 32
4 26
11 12
1 19
15 19
17 26
0 38
7 10
15 23
31 39
11 32
3 28
14 21
22 30
9 16
12 20
29 31
34 35
9 25
5 6
14 37
16 37
18 35
1 7
24 32
0 27
3 33
5 19
15 30
31 33
22 28
23 24
34 39
4 10
29 38
7 22
17 35
1 20
28 39
6 13
13 30
12 29
0 34
2 4
9 36
15 26
3 11
25 26
8 37
7 24
10 20
40 100 0
0 0 0 0 0 0 0 0 0 0 0 0 0 0 0 0 0 0 0 0 0 0 0 0 0 0 0 0 0 0 0 0 0 0 0 0 0 0 0 0
1 6
15 17
13 25
11 37
11 29
12 34
6 33
4 13
16 24
2 21
19 39
10 29
5 17
9 18
20 35
4 30
22 27
28 38
12 14
14 19
34 37
8 27
26 35
28 30
1 2
6 15
14 35
7 28
3 32
17 18
1 24
11 34
8 23
31 38
13 27
3 36
16 19
0 31
2 32
23 25
0 5
9 36
18 33
18 25
21 26
25 35
16 20
0 11
4 7
3 20
17 22
24 29
5 36
15 28
2 10
21 23
7 37
12 29
15 39
9 37
2 8
4 6
18 31
9 33
12 33
8 14
6 13
21 39
16 38
5 10
11 19
26 36
16 26
30 37
22 38
1 35
1 34
22 32
13 14
10 27
4 38
33 34
31 32
7 20
30 39
26 30
10 24
9 12
8 25
19 23
28 39
21 29
15 22
23 32
0 3
17 20
3 27
5 31
0 36
7 24
40 100 0
0 0 0 0 0 0 0 0 0 0 0 0 0 0 0 0 0 0 0 0 0 0 0 0 0 0 0 0 0 0 0 0 0 0 0 0 0 0 0 0
11 26
5 17
5 7
3 8
15 33
25 37
31 33
2 20
8 11
19 27
1 6
10 32
28 30
4 22
0 3
6 14
10 38
25 28
24 37
0 35
8 15
21 25
10 29
16 19
13 15
1 26
18 35
23 36
19 21
13 14
33 34
17 34
26 39
6 24
9 14
4 32
3 38
0 23
2 31
11 12
25 36
8 20
17 38
2 7
29 30
1 24
9 27
21 37
24 27
10 22
15 18
28 35
29 39
7 19
4 12
5 23
16 36
17 20
13 39
4 16
16 26
22 28
22 30
33 35
0 2
3 21
26 38
12 28
4 18
11 17
32 38
0 33
6 32
14 37
27 30
29 34
9 39
1 31
5 18
14 25
9 12
32 37
3 20
19 29
8 13
12 31
11 34
2 30
24 35
1 15
16 34
5 39
9 23
6 27
22 36
7 21
18 31
7 20
10 36
13 23
40 100 0
0 0 0 0 0 0 0 0 0 0 0 0 0 0 0 0 0 0 0 0 0 0 0 0 0 0 0 0 0 0 0 0 0 0 0 0 0 0 0 0
1 18
14 32
12 29
12 16
0 15
9 24
4 24
20 27
25 30
8 21
23 27
11 37
14 17
0 39
26 36
23 37
22 34
5 39
9 34
3 30
13 15
10 21
16 29
7 34
6 29
8 33
8 22
30 36
15 28
0 38
6 19
1 38
11 32
32 36
2 39
18 25
19 28
12 31
7 35
11 33
1 10
4 13
9 30
18 20
11 13
12 17
14 23
10 27
3 27
5 37
20 26
32 37
22 38
3 23
0 2
1 9
25 35
24 26
31 39
8 35
5 28
25 32
16 33
14 25
22 39
4 14
1 36
11 19
28 34
4 15
2 12
0 5
13 16
17 20
6 30
23 31
15 29
7 9
3 24
2 21
20 22
3 21
16 35
17 35
18 26
34 38
2 36
24 31
5 18
6 7
19 29
17 33
6 8
21 38
7 10
4 10
26 31
13 37
19 33
27 28
40 100 0
0 0 0 0 0 0 0 0 0 0 0 0 0 0 0 0 0 0 0 0 0 0 0 0 0 0 0 0 0 0 0 0 0 0 0 0 0 0 0 0
15 25
4 32
2 12
13 26
15 37
6 10
17 29
4 37
8 34
19 32
8 21
7 13
14 23
7 39
29 34
22 30
3 5
31 38
16 25
12 30
24 28
2 27
9 14
30 36
8 27
11 21
20 22
18 35
1 4
10 26
9 17
35 39
31 36
20 24
7 16
0 34
3 14
21 28
25 39
3 33
23 31
4 13
5 20
12 34
0 19
1 6
10 15
26 33
9 37
11 24
27 29
3 6
13 32
0 11
1 31
5 16
2 38
18 23
30 38
10 22
4 19
11 36
8 33
25 31
0 28
16 37
17 19
15 32
12 26
5 8
7 10
2 21
1 16
29 33
18 25
9 32
14 28
14 35
2 15
30 39
20 29
21 22
12 36
28 37
24 27
35 38
1 20
33 39
9 18
0 24
23 34
7 18
23 35
5 38
17 22
11 17
6 13
27 36
6 26
3 19
40 100 0
0 0 0 0 0 0 0 0 0 0 0 0 0 0 0 0 0 0 0 0 0 0 0 0 0 0 0 0 0 0 0 0 0 0 0 0 0 0 0 0
13 20
7 11
1 30
10 28
15 39
6 18
8 35
22 27
9 36
5 36
28 38
3 10
23 31
25 34
14 27
20 24
3 5
7 21
17 39
17 29
2 22
15 16
16 24
1 36
1 9
10 37
4 35
32 39
11 24
12 14
11 38
18 35
21 34
18 37
26 34
13 33
2 12
15 23
6 19
0 17
19 30
9 39
19 23
17 20
2 28
5 27
11 23
1 26
22 31
0 4
24 32
3 20
22 26
0 31
9 25
7 13
6 33
5 8
8 15
3 29
9 28
14 15
25 38
16 29
21 31
0 27
2 7
12 38
28 33
3 37
14 25
4 13
10 17
7 35
30 36
34 36
11 32
29 37
18 24
22 30
10 38
20 30
8 32
5 21
8 18
19 31
13 35
19 32
27 37
2 6
4 29
26 33
23 33
12 25
16 21
12 39
1 4
14 26
6 34
0 16
40 100 0
0 0 0 0 0 0 0 0 0 0 0 0 0 0 0 0 0 0 0 0 0 0 0 0 0 0 0 0 0 0 0 0 0 0 0 0 0 0 0 0
9 31
7 38
6 21
29 33
10 36
5 25
2 3
6 13
24 35
19 28
9 37
16 18
16 22
19 21
0 17
8 33
5 38
24 37
1 27
10 11
23 27
12 21
3 5
14 20
11 34
28 35
7 30
0 31
15 32
3 11
15 38
26 33
14 24
4 8
17 29
23 28
16 25
9 39
18 22
35 36
10 33
27 32
9 12
21 25
2 18
1 10
4 14
6 11
0 30
35 37
29 36
3 20
5 13
28 32
26 30
23 26
34 39
6 18
4 19
24 34
12 36
8 17
25 27
16 38
5 27
19 24
13 22
20 28
1 25
19 37
32 38
7 8
15 18
2 13
29 34
29 31
35 39
2 15
0 37
3 7
20 39
15 39
4 17
6 8
23 32
2 9
14 31
1 30
12 13
0 34
10 14
16 36
4 26
7 11
1 17
21 22
20 26
12 31
22 23
30 33
40 100 0
0 0 0 0 0 0 0 0 0 0 0 0 0 0 0 0 0 0 0 0 0 0 0 0 0 0 0 0 0 0 0 0 0 0 0 0 0 0 0 0
31 37
1 9
5 24
2 19
4 32
8 21
16 17
17 39
23 25
9 38
4 6
12 39
15 23
13 30
15 30
0 3
6 36
3 28
22 35
11 20
5 32
13 29
12 37
28 29
17 22
7 38
3 21
10 37
6 20
15 18
8 33
0 25
35 36
12 19
9 14
26 31
4 27
10 33
1 34
14 34
18 33
24 30
2 7
19 30
16 27
20 24
26 34
11 28
5 21
32 36
11 36
4 39
16 23
23 38
22 31
1 7
1 5
10 25
9 19
2 13
12 28
16 35
15 24
3 7
10 26
12 21
4 37
2 39
8 19
21 25
20 32
0 20
14 31
25 37
17 33
6 18
6 34
22 30
17 27
22 29
11 15
0 18
14 18
0 11
14 32
2 27
23 34
5 31
13 26
29 38
27 29
8 35
13 35
3 16
7 26
33 36
8 9
24 28
1 10
38 39
40 100 0
0 0 0 0 0 0 0 0 0 0 0 0 0 0 0 0 0 0 0 0 0 0 0 0 0 0 0 0 0 0 0 0 0 0 0 0 0 0 0 0
9 36
30 32
18 22
33 38
7 12
21 25
10 39
35 36
19 35
6 31
17 32
13 22
5 13
14 27
17 26
12 20
16 38
8 18
0 28
0 4
9 11
4 6
7 32
8 31
23 30
21 34
24 27
29 37
2 7
26 39
10 27
15 18
4 16
9 10
3 17
21 37
8 33
1 33
1 29
22 24
2 37
15 19
5 11
17 36
20 30
11 32
1 13
3 36
20 28
13 14
22 25
6 18
6 38
23 26
19 25
0 39
12 15
9 35
23 33
2 34
3 10
12 26
27 38
26 29
6 28
14 36
4 30
5 18
0 27
16 20
3 12
7 24
14 34
29 39
0 9
17 31
31 35
8 13
11 21
4 24
5 34
33 37
1 37
11 16
8 39
25 32
2 23
1 19
7 34
14 22
23 25
3 19
21 24
5 31
28 30
15 38
2 20
15 28
10 29
16 35
40 100 0
0 0 0 0 0 0 0 0 0 0 0 0 0 0 0 0 0 0 0 0 0 0 0 0 0 0 0 0 0 0 0 0 0 0 0 0 0 0 0 0
14 30
25 29
22 31
7 19
20 35
23 24
1 16
5 38
5 8
12 16
15 37
26 33
0 31
2 17
1 13
19 38
2 10
28 32
21 39
21 34
5 7
27 39
0 15
18 20
22 35
14 18
6 22
4 34
26 28
4 39
11 36
7 20
8 23
3 24
3 13
11 38
1 9
25 27
10 36
23 28
32 36
5 30
0 17
6 17
13 38
7 14
9 27
11 12
30 31
25 37
10 18
6 33
15 19
2 21
2 19
1 37
15 39
28 29
22 26
16 35
18 34
24 32
9 35
13 28
3 21
4 30
2 16
31 32
14 24
33 34
12 29
20 26
23 31
9 21
0 26
14 27
17 25
12 19
8 15
6 10
0 23
8 29
36 37
24 33
5 17
22 29
12 38
3 6
7 18
4 11
10 37
11 25
1 30
9 39
4 32
33 36
8 35
13 34
16 27
3 20
40 100 0
0 0 0 0 0 0 0 0 0 0 0 0 0 0 0 0 0 0 0 0 0 0 0 0 0 0 0 0 0 0 0 0 0 0 0 0 0 0 0 0
22 23
25 32
26 28
6 14
3 18
6 34
2 37
11 12
19 36
17 33
35 39
27 37
22 27
15 38
2 20
0 1
9 32
10 39
16 30
10 11
7 31
0 35
2 18
25 31
18 34
13 36
22 38
26 38
17 23
20 29
21 35
28 29
16 20
16 21
33 36
0 24
8 30
1 7
4 26
5 39
14 35
8 25
16 17
5 21
4 27
12 19
30 34
4 9
13 29
24 32
9 39
6 8
3 37
3 17
15 32
11 26
6 25
1 15
19 38
10 14
2 30
31 36
7 22
1 34
24 27
12 34
10 25
31 33
11 29
11 37
2 28
5 36
18 32
14 23
24 33
17 27
6 22
5 13
0 8
7 20
19 28
13 28
9 12
21 39
14 21
4 29
9 15
23 24
8 10
4 18
20 23
0 30
15 35
19 33
26 31
7 37
5 38
3 12
1 16
3 13
40 100 0
0 0 0 0 0 0 0 0 0 0 0 0 0 0 0 0 0 0 0 0 0 0 0 0 0 0 0 0 0 0 0 0 0 0 0 0 0 0 0 0
6 35
25 36
3 20
1 31
1 36
22 33
11 26
11 37
5 28
2 10
14 16
13 34
13 18
27 30
26 37
4 34
32 39
20 21
27 35
16 39
1 18
28 29
17 31
0 24
6 12
21 33
13 32
2 5
0 8
8 19
10 26
18 38
7 36
15 25
23 30
4 19
3 31
6 9
17 29
9 35
4 7
2 14
31 39
27 37
10 25
16 33
7 24
10 33
20 32
11 15
3 29
15 30
17 34
6 27
14 32
5 12
0 12
1 22
37 38
16 23
21 35
34 38
5 34
4 11
2 24
24 38
8 26
18 33
20 36
35 39
20 30
19 23
16 28
3 39
8 11
9 13
13 22
15 19
10 22
9 21
7 14
17 19
22 25
7 12
30 37
4 12
1 25
5 14
21 23
0 17
15 31
2 36
24 28
9 32
26 29
8 18
3 38
6 28
0 29
23 27
40 100 0
0 0 0 0 0 0 0 0 0 0 0 0 0 0 0 0 0 0 0 0 0 0 0 0 0 0 0 0 0 0 0 0 0 0 0 0 0 0 0 0
22 33
30 34
12 16
5 17
19 23
20 37
4 26
11 32
10 14
5 18
21 30
13 39
18 33
17 26
10 19
3 13
2 31
4 36
16 22
12 38
9 25
1 16
26 39
0 38
7 34
7 15
8 39
18 34
31 35
27 31
6 11
20 29
3 27
2 37
9 24
13 23
0 23
8 28
11 38
17 24
28 29
30 33
6 39
32 36
1 11
12 22
30 37
19 21
22 38
5 9
19 32
18 21
4 24
1 10
7 14
15 35
33 34
5 25
28 37
15 17
20 27
2 32
14 29
8 19
8 13
22 36
12 24
0 30
10 16
21 23
10 33
4 12
25 34
3 29
35 36
25 31
3 4
6 7
6 20
26 37
31 36
14 27
9 28
14 25
6 13
7 39
0 1
2 15
11 29
1 27
16 35
28 35
17 21
0 26
18 20
2 24
3 38
5 32
8 9
15 23
40 100 0
0 0 0 0 0 0 0 0 0 0 0 0 0 0 0 0 0 0 0 0 0 0 0 0 0 0 0 0 0 0 0 0 0 0 0 0 0 0 0 0
12 35
11 25
6 21
12 34
30 32
29 33
13 38
17 33
7 24
5 9
5 29
2 28
8 22
4 19
3 24
27 35
0 26
4 30
1 23
10 34
20 27
14 21
21 36
9 31
24 26
2 17
23 27
19 28
10 18
12 32
11 26
34 36
28 37
16 32
7 15
4 20
8 33
14 39
13 30
3 17
1 5
6 35
7 23
3 15
3 9
2 6
0 17
22 30
4 8
25 29
13 37
0 31
29 36
1 37
16 39
13 19
16 26
35 38
11 18
18 20
3 21
16 22
5 25
22 38
32 33
5 13
1 15
19 33
14 38
10 39
32 34
23 24
12 39
10 29
4 28
9 11
31 37
6 27
8 28
17 24
6 7
26 37
8 38
14 27
14 36
2 18
25 35
2 25
0 23
0 10
11 20
12 19
36 39
20 31
15 21
22 34
1 30
15 16
9 18
7 31
40 100 0
0 0 0 0 0 0 0 0 0 0 0 0 0 0 0 0 0 0 0 0 0 0 0 0 0 0 0 0 0 0 0 0 0 0 0 0 0 0 0 0
13 25
5 27
8 32
3 11
17 39
15 16
0 23
18 24
11 34
6 12
13 33
12 14
4 8
28 38
21 29
0 3
16 35
19 23
10 38
9 14
15 24
7 17
37 38
11 21
12 27
22 26
2 13
17 26
28 30
20 28
29 36
18 34
4 30
25 31
6 37
7 9
1 19
4 23
19 20
18 33
3 8
21 31
28 35
1 8
15 31
10 15
4 33
27 37
1 5
16 29
27 32
3 36
0 14
14 18
2 21
22 23
10 17
6 20
34 39
2 5
17 36
2 30
6 39
6 10
16 25
22 38
12 30
8 9
12 33
25 32
20 35
0 13
7 19
26 28
22 33
3 7
16 24
13 29
11 36
5 24
14 31
0 24
7 18
20 37
1 26
15 32
21 39
30 34
26 36
32 35
10 35
1 4
19 37
5 9
23 25
22 39
2 11
27 29
9 38
31 34
40 100 0
0 0 0 0 0 0 0 0 0 0 0 0 0 0 0 0 0 0 0 0 0 0 0 0 0 0 0 0 0 0 0 0 0 0 0 0 0 0 0 0
7 30
5 19
2 26
4 18
6 37
1 25
9 20
28 38
35 39
15 31
11 32
4 30
17 39
1 34
6 7
10 20
23 36
27 31
0 29
12 24
3 5
17 33
12 28
25 28
8 38
2 3
22 36
2 30
16 32
16 17
0 34
9 14
27 33
20 37
14 32
21 22
0 5
13 19
36 39
10 15
25 26
4 29
20 35
29 31
11 12
1 27
27 38
7 32
31 33
8 10
18 34
12 13
8 21
6 19
24 34
24 39
11 13
9 21
23 37
23 30
6 15
4 22
28 29
7 35
4 21
6 26
33 37
14 16
0 16
3 30
14 28
2 12
26 39
8 36
17 34
7 15
5 32
1 20
10 36
18 19
1 33
13 38
13 18
23 31
24 25
27 35
8 9
18 22
16 25
2 21
15 37
0 11
14 35
17 24
11 22
3 26
9 10
5 29
3 23
19 38
40 100 0
0 0 0 0 0 0 0 0 0 0 0 0 0 0 0 0 0 0 0 0 0 0 0 0 0 0 0 0 0 0 0 0 0 0 0 0 0 0 0 0
5 33
24 30
14 23
15 28
32 35
0 30
11 31
11 18
26 29
2 26
21 39
13 31
21 37
0 1
20 27
17 19
3 12
32 38
3 9
10 22
7 28
26 34
13 22
16 35
16 25
33 36
12 35
7 12
6 24
4 32
15 23
23 27
8 10
24 29
8 28
14 39
18 36
11 19
27 29
10 31
11 21
1 20
9 31
5 37
6 33
7 39
12 38
1 28
16 17
18 34
13 33
19 26
9 30
23 25
6 14
3 38
36 37
0 32
4 13
2 30
15 30
21 36
0 17
4 12
0 34
11 39
3 5
2 8
16 20
5 34
6 35
27 32
14 22
4 25
2 13
17 26
19 33
10 25
29 38
23 24
3 18
7 21
25 37
8 29
9 18
4 24
9 17
22 35
2 7
10 15
1 19
16 27
20 34
1 38
31 37
14 28
15 36
6 22
5 8
20 39
40 100 0
0 0 0 0 0 0 0 0 0 0 0 0 0 0 0 0 0 0 0 0 0 0 0 0 0 0 0 0 0 0 0 0 0 0 0 0 0 0 0 0
17 31
4 39
10 30
3 29
1 35
3 13
23 26
8 10
15 24
12 19
17 37
22 34
13 16
0 12
23 27
21 26
7 30
25 35
9 20
33 37
1 14
4 9
22 28
7 20
6 19
5 18
8 21
3 38
19 35
8 28
20 36
15 29
32 36
13 14
5 17
2 32
22 37
16 18
11 34
15 33
25 38
31 35
1 2
12 27
11 30
0 30
17 25
0 27
21 22
21 24
16 24
33 36
4 28
12 26
20 23
6 8
1 5
38 39
10 37
7 26
16 17
4 20
19 39
12 32
23 34
5 15
9 15
18 21
26 33
2 36
22 29
0 11
3 24
31 37
6 10
13 25
6 27
2 39
3 23
14 19
0 8
29 39
4 32
16 25
9 14
11 33
14 34
34 36
6 35
30 38
18 28
10 31
7 31
18 32
9 13
7 27
1 29
5 28
2 11
24 38
40 100 0
0 0 0 0 0 0 0 0 0 0 0 0 0 0 0 0 0 0 0 0 0 0 0 0 0 0 0 0 0 0 0 0 0 0 0 0 0 0 0 0
28 34
11 28
5 13
4 33
12 30
30 38
1 39
10 31
2 18
14 31
21 33
6 34
26 27
20 24
2 25
6 36
19 37
19 39
21 29
17 32
7 22
25 36
4 26
9 12
22 24
23 36
25 27
1 4
8 16
3 39
1 3
6 32
10 14
0 19
9 29
8 15
15 32
5 26
5 7
35 37
15 20
5 38
0 31
1 21
23 38
24 33
11 37
3 24
10 30
23 34
11 12
0 2
18 31
2 35
13 17
14 20
14 16
12 18
16 28
17 29
0 4
6 28
25 31
33 35
8 17
9 20
18 39
9 13
30 36
5 35
7 33
27 38
21 36
12 34
30 34
6 29
22 23
3 26
21 32
7 19
14 29
15 18
0 1
10 24
9 16
26 37
37 38
3 27
16 25
17 22
11 13
7 11
2 27
8 28
10 35
13 32
4 23
20 39
8 22
15 19
40 100 0
0 0 0 0 0 0 0 0 0 0 0 0 0 0 0 0 0 0 0 0 0 0 0 0 0 0 0 0 0 0 0 0 0 0 0 0 0 0 0 0
26 29
13 15
2 25
25 27
23 34
13 22
5 33
8 38
24 30
14 30
7 20
14 32
11 27
8 16
15 28
9 39
4 16
4 23
1 21
3 39
2 34
31 36
18 22
1 18
11 12
29 37
21 34
24 25
4 6
0 7
8 17
33 36
5 23
3 10
19 26
12 29
21 39
6 35
13 20
9 19
13 37
5 29
28 30
4 24
10 37
9 28
14 26
18 31
0 5
31 38
11 16
12 32
2 33
20 35
27 38
22 36
16 17
15 20
15 22
7 30
1 32
0 29
3 5
3 35
11 19
2 30
6 9
4 39
22 34
10 20
21 27
21 23
17 27
6 38
8 13
8 32
24 39
7 25
23 31
14 15
25 28
11 33
12 36
17 19
18 34
18 32
17 37
3 16
9 10
1 37
6 14
12 26
31 35
26 38
0 10
7 24
1 2
0 35
28 36
19 33
40 100 0
0 0 0 0 0 0 0 0 0 0 0 0 0 0 0 0 0 0 0 0 0 0 0 0 0 0 0 0 0 0 0 0 0 0 0 0 0 0 0 0
19 21
17 19
0 22
35 38
7 39
15 29
13 18
23 26
13 28
16 34
16 36
2 9
14 30
32 35
5 18
25 36
31 38
11 20
11 27
1 24
8 21
7 10
30 33
17 22
23 25
5 31
8 33
25 34
4 27
28 37
7 26
10 14
1 4
9 23
16 27
12 36
29 32
2 32
3 22
6 37
6 21
0 9
20 36
0 14
15 35
3 16
11 35
7 24
14 26
13 17
18 22
1 12
12 29
6 27
19 28
32 38
29 38
2 11
33 39
5 37
8 11
19 34
5 13
18 33
24 25
23 27
10 20
1 34
12 25
15 19
2 3
4 9
8 9
4 30
31 36
20 23
1 26
17 21
13 15
31 39
3 37
14 31
32 33
17 24
4 22
8 37
15 16
2 21
12 28
3 7
0 26
34 38
0 29
30 39
20 30
5 39
6 10
6 28
24 35
10 18
40 100 0
0 0 0 0 0 0 0 0 0 0 0 0 0 0 0 0 0 0 0 0 0 0 0 0 0 0 0 0 0 0 0 0 0 0 0 0 0 0 0 0
21 25
3 23
3 37
17 38
13 20
0 2
33 39
29 33
0 9
14 21
7 16
22 34
13 38
12 27
1 39
7 26
2 20
28 36
8 35
14 25
10 30
18 26
7 15
20 30
22 37
19 28
11 18
11 26
16 27
1 24
27 34
4 19
6 33
0 1
29 32
25 35
5 17
4 5
3 28
23 31
8 9
17 23
9 37
11 21
12 38
0 8
1 15
6 30
5 34
32 37
24 31
14 31
13 35
2 27
6 14
12 18
20 39
29 36
10 21
26 35
10 24
8 16
18 38
4 6
3 33
36 38
13 22
2 22
4 25
16 19
14 15
15 34
7 28
17 39
1 13
9 10
32 35
2 28
30 39
33 37
0 19
15 17
19 31
6 34
21 29
12 23
24 32
8 11
3 10
4 31
30 36
23 32
24 27
20 36
18 25
16 26
5 29
5 9
7 22
11 12
40 100 0
0 0 0 0 0 0 0 0 0 0 0 0 0 0 0 0 0 0 0 0 0 0 0 0 0 0 0 0 0 0 0 0 0 0 0 0 0 0 0 0
3 33
9 13
8 22
1 27
7 9
10 17
2 16
3 14
2 6
1 6
22 34
20 32
29 34
0 14
24 37
11 17
24 26
16 36
7 13
26 37
9 15
16 39
30 35
21 28
18 22
17 36
5 39
23 31
25 36
29 35
4 19
19 32
4 20
0 13
2 38
10 15
8 26
10 12
12 31
28 38
33 37
14 18
12 34
30 34
13 21
5 19
7 11
27 35
0 23
16 25
6 26
2 33
14 17
0 25
18 24
11 24
8 29
3 9
1 32
28 32
6 7
23 39
1 39
6 29
1 23
15 30
22 35
28 36
4 37
10 13
21 33
2 30
11 20
8 37
4 12
3 10
8 27
5 20
5 31
34 38
19 22
15 25
11 36
4 18
27 31
19 30
26 29
9 20
24 38
7 18
35 38
16 33
17 28
21 25
21 23
12 32
14 39
3 15
0 31
5 27
40 100 0
0 0 0 0 0 0 0 0 0 0 0 0 0 0 0 0 0 0 0 0 0 0 0 0 0 0 0 0 0 0 0 0 0 0 0 0 0 0 0 0
0 22
5 16
8 11
13 14
14 28
26 27
4 35
12 24
7 27
3 33
8 21
25 32
20 28
1 30
33 35
13 37
4 5
6 19
2 12
15 39
0 34
22 36
12 15
1 11
10 17
29 37
5 7
3 19
19 23
17 28
15 38
6 11
22 38
16 23
2 10
31 32
9 21
7 31
2 18
13 29
19 30
7 32
13 36
29 34
20 38
4 33
9 26
14 27
6 14
1 39
0 25
4 15
8 23
3 16
32 35
21 37
26 36
5 18
1 22
17 24
17 18
0 39
1 34
9 23
11 38
10 26
15 33
3 34
19 27
12 25
4 31
2 30
18 35
2 36
24 35
12 28
8 20
8 39
11 28
14 37
3 6
7 10
0 30
16 38
10 25
13 18
22 34
25 36
21 31
23 33
5 30
21 27
16 37
6 17
29 32
9 39
20 24
20 26
24 29
9 31
40 100 0
0 0 0 0 0 0 0 0 0 0 0 0 0 0 0 0 0 0 0 0 0 0 0 0 0 0 0 0 0 0 0 0 0 0 0 0 0 0 0 0
13 20
1 14
22 27
3 8
9 16
12 33
19 35
23 29
10 32
28 31
7 10
1 9
7 37
3 31
18 36
5 8
24 25
27 35
37 39
12 30
0 9
18 38
15 33
19 20
16 21
29 30
1 2
24 26
34 39
20 23
7 33
0 5
10 36
6 11
17 36
4 24
27 32
16 28
11 32
2 4
17 24
22 37
9 35
16 22
0 6
11 34
15 18
26 37
31 33
19 23
17 29
13 38
10 21
6 12
3 14
7 8
4 13
14 25
5 34
3 36
26 38
21 30
4 12
5 29
15 30
26 39
1 21
2 14
15 19
13 39
7 29
0 32
16 25
18 31
8 27
19 38
27 28
2 35
8 24
20 28
9 25
2 10
30 32
0 20
11 37
12 14
4 25
6 35
1 18
17 26
3 38
15 23
13 22
11 28
6 22
5 39
23 31
34 36
17 33
21 34
40 100 0
0 0 0 0 0 0 0 0 0 0 0 0 0 0 0 0 0 0 0 0 0 0 0 0 0 0 0 0 0 0 0 0 0 0 0 0 0 0 0 0
25 32
21 29
5 19
4 22
30 39
2 15
0 8
10 36
1 11
6 20
26 35
4 36
16 37
34 37
23 25
8 17
14 19
3 38
16 35
7 34
0 26
17 30
15 38
9 33
2 20
7 10
2 14
12 24
5 12
26 28
4 9
14 39
27 33
31 35
1 18
38 39
11 17
13 37
16 21
6 32
19 25
14 27
22 35
11 36
23 32
10 18
16 20
24 28
1 32
10 19
21 22
13 31
3 21
34 39
25 36
28 29
29 34
2 13
8 18
8 33
3 39
15 27
0 23
12 13
5 15
4 34
30 31
17 35
0 22
6 9
3 11
14 31
7 12
6 7
23 26
21 27
9 38
24 33
37 38
1 20
24 27
2 7
20 24
22 32
13 18
1 4
9 17
28 30
6 11
29 31
18 28
12 19
30 37
0 36
3 26
5 33
10 23
15 25
16 29
5 8
40 100 0
0 0 0 0 0 0 0 0 0 0 0 0 0 0 0 0 0 0 0 0 0 0 0 0 0 0 0 0 0 0 0 0 0 0 0 0 0 0 0 0
29 39
12 18
0 2
19 25
3 17
17 19
2 31
30 34
0 16
10 21
7 13
22 35
6 22
38 39
4 15
24 34
4 11
15 30
32 33
6 33
25 32
18 39
9 37
14 38
16 26
5 28
0 13
22 23
14 26
18 25
1 32
8 29
15 20
9 27
1 36
27 33
28 35
6 29
11 30
21 36
2 19
2 17
8 20
10 31
4 10
17 36
18 21
12 30
7 11
8 15
13 38
9 34
3 33
20 23
13 37
19 31
24 27
11 24
0 5
16 21
28 39
24 35
7 34
27 39
12 20
3 29
4 31
1 4
23 36
12 16
5 35
8 14
13 25
19 32
6 34
16 37
9 29
22 32
22 26
6 26
10 26
5 14
1 38
1 25
7 28
18 27
2 24
8 38
5 20
10 15
23 37
3 23
11 14
30 35
9 21
33 36
0 31
7 17
3 28
12 37
40 100 0
0 0 0 0 0 0 0 0 0 0 0 0 0 0 0 0 0 0 0 0 0 0 0 0 0 0 0 0 0 0 0 0 0 0 0 0 0 0 0 0
1 17
19 35
11 21
14 20
2 8
2 10
15 17
7 34
20 27
31 39
9 24
35 39
29 31
29 32
12 30
7 22
8 14
37 38
21 37
1 3
6 10
21 26
4 19
5 23
0 30
4 23
13 14
3 27
9 20
1 10
11 33
6 36
34 36
24 28
25 39
8 19
5 30
15 16
7 18
31 33
0 12
26 37
13 18
12 24
32 38
11 30
18 29
28 36
2 35
7 16
11 32
9 15
2 27
13 25
5 22
3 34
6 17
26 39
16 34
10 25
13 22
8 23
3 14
29 34
0 9
4 22
3 32
17 19
27 28
0 17
1 21
31 37
10 23
14 38
29 35
20 37
12 33
1 35
19 21
18 20
15 28
36 38
9 25
25 36
11 26
16 24
12 31
0 6
5 13
15 26
4 16
30 32
23 38
4 39
6 28
7 27
5 24
22 33
2 33
8 18
40 100 0
0 0 0 0 0 0 0 0 0 0 0 0 0 0 0 0 0 0 0 0 0 0 0 0 0 0 0 0 0 0 0 0 0 0 0 0 0 0 0 0
23 28
16 21
15 38
30 33
5 17
10 16
12 27
1 7
33 37
9 13
7 35
19 29
0 30
17 31
3 11
18 21
24 35
22 24
4 19
11 31
2 26
27 34
5 15
31 32
7 36
1 36
14 38
6 9
25 39
6 18
5 38
25 33
4 10
10 13
11 26
9 20
12 17
0 8
8 28
28 37
2 20
21 37
16 35
4 12
0 14
22 39
7 12
14 33
17 29
19 34
3 20
24 30
24 31
22 32
4 32
23 35
1 23
3 21
1 18
2 34
28 29
10 12
10 11
15 33
13 19
28 30
5 29
9 26
4 39
27 32
5 34
16 36
13 38
0 9
17 19
6 24
31 36
0 25
1 25
8 22
7 29
23 39
21 27
2 27
26 34
14 23
3 8
3 22
15 20
14 36
37 38
26 30
20 37
15 18
13 35
11 32
8 18
16 25
2 6
6 39
40 100 0
0 0 0 0 0 0 0 0 0 0 0 0 0 0 0 0 0 0 0 0 0 0 0 0 0 0 0 0 0 0 0 0 0 0 0 0 0 0 0 0
19 21
22 32
17 35
14 36
30 37
23 33
2 26
29 34
0 14
16 31
27 34
9 38
7 16
8 30
10 37
17 28
11 12
4 26
13 21
1 24
5 36
1 33
18 39
26 29
15 20
3 9
16 25
24 35
27 38
11 31
12 22
2 8
10 19
2 18
3 39
25 33
0 8
6 28
6 20
4 11
17 36
0 27
10 15
4 30
30 31
29 35
7 39
28 29
19 38
1 34
8 19
13 23
9 32
14 16
21 23
20 37
5 6
13 26
21 34
10 22
22 31
34 38
11 36
0 16
12 19
5 30
13 24
7 31
18 27
1 14
17 29
15 38
1 3
21 37
7 33
20 32
3 25
2 23
4 35
14 33
12 35
3 22
9 18
25 32
6 15
13 28
0 23
4 5
10 11
17 39
2 28
9 26
15 32
5 37
20 24
8 25
24 39
18 36
6 7
12 27
40 100 0
0 0 0 0 0 0 0 0 0 0 0 0 0 0 0 0 0 0 0 0 0 0 0 0 0 0 0 0 0 0 0 0 0 0 0 0 0 0 0 0
3 22
4 12
21 39
7 37
2 38
24 26
14 28
2 7
13 23
8 13
19 26
14 31
3 36
17 39
30 33
6 9
9 18
22 34
25 27
12 30
20 22
30 35
5 38
0 26
6 11
15 28
1 25
6 15
21 25
8 29
21 34
4 24
2 29
5 10
1 31
24 34
18 31
11 32
20 37
16 17
4 9
9 39
5 7
33 34
29 36
10 35
14 24
1 16
13 17
16 37
8 21
6 39
12 14
27 37
23 36
22 32
4 10
3 19
3 25
0 19
12 26
26 31
2 22
8 28
11 18
7 38
13 27
34 38
3 35
13 25
15 24
8 19
5 12
2 11
20 30
0 28
32 36
29 30
4 23
33 37
33 36
7 27
20 23
20 35
16 31
0 1
5 14
10 28
23 35
10 32
6 29
11 15
1 39
9 38
18 19
27 32
15 21
17 18
0 17
16 33
40 100 0
0 0 0 0 0 0 0 0 0 0 0 0 0 0 0 0 0 0 0 0 0 0 0 0 0 0 0 0 0 0 0 0 0 0 0 0 0 0 0 0
13 35
20 36
24 34
26 33
17 31
6 36
11 22
14 38
15 39
4 23
25 28
11 20
0 10
21 37
12 35
3 38
9 23
21 29
1 32
6 18
32 39
4 35
10 14
0 7
8 12
6 17
26 32
16 33
5 16
24 30
11 28
9 33
22 31
19 29
19 37
4 27
8 28
10 20
2 37
13 34
2 11
28 30
20 22
3 27
3 7
17 22
21 24
2 12
15 34
36 39
1 38
1 8
23 37
5 15
6 25
5 27
0 14
16 36
7 38
18 23
1 18
13 32
25 38
28 29
23 30
9 26
0 19
13 31
7 21
5 39
17 24
3 4
10 34
34 36
8 14
22 32
2 33
14 26
10 35
12 30
2 6
0 27
5 20
7 39
18 31
16 19
25 33
4 26
27 29
11 24
21 30
8 35
16 18
3 15
9 31
1 12
13 37
15 25
9 29
17 19
40 100 0
0 0 0 0 0 0 0 0 0 0 0 0 0 0 0 0 0 0 0 0 0 0 0 0 0 0 0 0 0 0 0 0 0 0 0 0 0 0 0 0
32 37
32 34
0 39
11 15
5 27
7 38
24 27
14 28
30 31
10 20
0 1
2 31
4 19
11 25
6 21
24 37
10 18
28 35
8 22
26 39
7 26
4 12
23 31
5 29
0 33
27 38
2 18
26 36
17 22
17 34
9 19
13 36
9 20
3 25
12 38
5 16
22 29
13 15
3 6
14 24
2 14
17 37
1 16
12 39
4 30
23 29
19 21
24 32
23 28
3 33
8 10
16 39
30 32
6 15
11 13
4 20
8 33
6 35
7 35
2 22
5 9
7 28
15 31
1 32
14 30
25 34
31 37
4 26
18 21
0 17
0 20
1 10
16 25
24 38
36 37
11 27
2 36
5 33
11 20
14 21
7 19
3 30
9 23
8 23
12 18
13 27
1 13
19 29
22 25
15 16
21 35
10 12
9 18
34 35
8 29
36 38
17 28
26 33
6 34
3 39
40 100 0
0 0 0 0 0 0 0 0 0 0 0 0 0 0 0 0 0 0 0 0 0 0 0 0 0 0 0 0 0 0 0 0 0 0 0 0 0 0 0 0
9 27
19 36
16 37
22 26
1 39
10 35
18 32
7 20
30 34
27 28
1 15
6 28
6 33
3 34
7 14
2 8
13 29
17 21
15 16
36 38
11 35
16 17
22 39
24 33
18 28
5 23
4 17
12 30
4 8
7 25
5 38
0 15
8 31
20 27
10 31
13 24
13 34
12 33
3 38
14 39
11 23
11 12
17 26
10 26
21 38
0 22
13 19
34 37
1 30
18 23
29 33
25 28
0 6
21 22
2 39
20 32
9 20
9 30
19 32
27 36
11 24
8 15
10 22
36 37
1 27
4 18
5 19
33 35
6 14
0 7
2 3
12 31
16 34
4 15
5 14
2 21
7 36
29 35
24 25
8 18
6 32
3 12
20 37
9 24
0 30
11 29
9 38
2 26
25 26
21 23
16 19
14 37
17 29
5 32
28 31
1 35
4 31
25 39
3 10
13 23
