100
24 16 0
0 0 0 0 0 0 0 0 0 0 0 0 0 0 0 0 0 0 0 0 0 0 0 0
10 14 15
5 6 12
0 5 18
1 9 19
6 10 17
2 12 13
8 16 18
7 9 21
13 15 23
1 16 22
11 19 22
17 20 21
7 11 23
0 14 20
2 3 4
3 4 8
24 16 0
0 0 0 0 0 0 0 0 0 0 0 0 0 0 0 0 0 0 0 0 0 0 0 0
0 5 11
0 8 22
16 17 21
4 7 10
6 11 18
1 13 16
3 9 15
1 20 23
7 20 21
12 17 22
4 13 15
5 10 19
2 6 8
9 14 18
2 12 23
3 14 19
24 16 0
0 0 0 0 0 0 0 0 0 0 0 0 0 0 0 0 0 0 0 0 0 0 0 0
0 7 16
7 13 20
8 19 21
3 19 22
5 6 16
2 10 14
0 9 21
9 12 17
8 11 20
13 18 22
1 4 23
10 18 23
6 11 17
4 12 14
2 5 15
1 3 15
24 16 0
0 0 0 0 0 0 0 0 0 0 0 0 0 0 0 0 0 0 0 0 0 0 0 0
13 19 20
3 12 17
3 8 23
2 16 17
7 15 21
0 9 19
6 16 22
5 15 18
5 8 10
9 14 18
1 7 20
0 4 22
6 11 14
1 2 12
10 11 21
4 13 23
24 16 0
0 0 0 0 0 0 0 0 0 0 0 0 0 0 0 0 0 0 0 0 0 0 0 0
2 13 16
7 13 23
9 18 21
1 12 21
2 3 6
10 14 23
1 7 17
15 18 19
0 12 20
3 10 19
5 9 16
0 8 20
8 15 22
5 6 22
4 11 14
4 11 17
24 16 0
0 0 0 0 0 0 0 0 0 0 0 0 0 0 0 0 0 0 0 0 0 0 0 0
2 8 11
7 12 19
3 10 13
0 1 10
6 17 20
4 15 18
4 5 15
6 21 22
3 14 21
12 16 18
1 2 5
9 13 20
7 11 23
17 19 22
9 14 16
0 8 23
24 16 0
0 0 0 0 0 0 0 0 0 0 0 0 0 0 0 0 0 0 0 0 0 0 0 0
0 11 21
13 19 23
0 6 10
6 14 16
17 18 21
1 2 3
1 7 8
9 12 13
4 7 22
4 20 22
14 15 16
8 12 19
2 9 17
5 10 18
5 15 23
3 11 20
24 16 0
0 0 0 0 0 0 0 0 0 0 0 0 0 0 0 0 0 0 0 0 0 0 0 0
2 17 20
8 15 17
3 11 21
5 16 22
0 6 8
13 19 23
0 5 11
9 18 19
6 9 15
1 18 20
4 12 16
1 2 4
3 7 22
7 12 21
10 13 14
10 14 23
24 16 0
0 0 0 0 0 0 0 0 0 0 0 0 0 0 0 0 0 0 0 0 0 0 0 0
5 12 17
4 6 14
3 10 13
7 11 23
2 6 13
5 21 22
8 18 20
7 12 16
8 11 23
0 9 20
0 10 15
4 9 18
2 14 21
1 16 17
1 3 19
15 19 22
24 16 0
0 0 0 0 0 0 0 0 0 0 0 0 0 0 0 0 0 0 0 0 0 0 0 0
10 15 23
6 11 18
5 12 17
8 9 17
2 14 22
16 20 21
1 2 11
1 13 21
3 6 13
7 12 15
3 7 18
5 10 23
4 9 19
4 14 22
0 16 20
0 8 19
24 16 0
0 0 0 0 0 0 0 0 0 0 0 0 0 0 0 0 0 0 0 0 0 0 0 0
12 15 22
6 14 22
9 12 21
17 18 20
1 16 19
2 4 19
8 18 23
0 2 3
3 11 23
0 10 14
7 10 13
8 16 17
5 11 13
1 5 21
4 9 15
6 7 20
24 16 0
0 0 0 0 0 0 0 0 0 0 0 0 0 0 0 0 0 0 0 0 0 0 0 0
2 7 11
2 4 9
1 12 16
13 19 23
17 18 22
5 13 19
3 16 22
3 20 21
0 8 14
7 12 17
0 11 21
14 20 23
1 8 9
4 5 15
6 10 15
6 10 18
24 16 0
0 0 0 0 0 0 0 0 0 0 0 0 0 0 0 0 0 0 0 0 0 0 0 0
8 9 15
1 13 15
4 7 19
0 9 18
2 6 20
2 22 23
1 16 17
4 10 12
8 18 21
11 13 20
12 14 16
0 5 10
7 11 23
19 21 22
3 6 14
3 5 17
24 16 0
0 0 0 0 0 0 0 0 0 0 0 0 0 0 0 0 0 0 0 0 0 0 0 0
0 13 18
7 16 20
2 12 23
4 14 22
3 14 15
6 10 17
7 21 23
1 6 9
0 2 8
8 11 19
11 12 19
4 5 13
1 17 22
10 20 21
3 9 15
5 16 18
24 16 0
0 0 0 0 0 0 0 0 0 0 0 0 0 0 0 0 0 0 0 0 0 0 0 0
3 6 7
7 12 18
4 9 21
1 19 20
4 6 13
2 17 21
5 12 22
14 20 23
3 8 16
0 17 18
0 2 23
11 15 16
1 9 14
8 11 19
10 15 22
5 10 13
24 16 0
0 0 0 0 0 0 0 0 0 0 0 0 0 0 0 0 0 0 0 0 0 0 0 0
6 15 23
1 4 12
4 12 17
2 8 16
5 8 20
7 17 22
0 11 14
5 9 21
3 19 21
6 11 14
13 16 20
0 3 10
13 18 22
1 7 15
2 10 18
9 19 23
24 16 0
0 0 0 0 0 0 0 0 0 0 0 0 0 0 0 0 0 0 0 0 0 0 0 0
2 15 21
1 6 23
5 12 14
5 10 13
17 18 19
8 9 18
4 10 17
3 14 19
7 11 16
3 7 23
16 21 22
0 1 8
4 6 20
2 9 20
0 12 22
11 13 15
24 16 0
0 0 0 0 0 0 0 0 0 0 0 0 0 0 0 0 0 0 0 0 0 0 0 0
5 13 20
8 18 21
14 16 18
0 7 12
2 9 23
3 14 21
1 6 20
16 19 22
0 1 15
2 11 19
10 11 17
5 12 22
3 7 9
4 17 23
10 13 15
4 6 8
24 16 0
0 0 0 0 0 0 0 0 0 0 0 0 0 0 0 0 0 0 0 0 0 0 0 0
6 10 21
12 17 22
5 11 15
3 15 18
3 9 18
4 7 13
20 22 23
2 17 20
1 4 10
5 11 19
6 8 13
0 14 19
12 14 16
0 8 23
1 7 9
2 16 21
24 16 0
0 0 0 0 0 0 0 0 0 0 0 0 0 0 0 0 0 0 0 0 0 0 0 0
10 13 21
0 6 15
11 13 18
4 7 14
5 6 9
1 8 16
9 19 23
3 15 22
5 17 21
1 3 4
0 12 22
10 12 19
2 11 14
8 17 20
16 20 23
2 7 18
24 16 0
0 0 0 0 0 0 0 0 0 0 0 0 0 0 0 0 0 0 0 0 0 0 0 0
8 15 21
13 14 18
4 5 11
6 12 19
1 8 20
2 7 16
4 16 19
13 17 22
2 10 23
7 21 23
3 20 22
3 5 11
0 15 18
0 9 17
1 10 14
6 9 12
24 16 0
0 0 0 0 0 0 0 0 0 0 0 0 0 0 0 0 0 0 0 0 0 0 0 0
6 14 19
2 7 16
8 10 20
1 9 15
6 15 18
2 3 12
4 16 23
0 7 23
0 4 5
12 14 22
1 10 17
5 11 13
3 17 20
11 13 22
8 18 21
9 19 21
24 16 0
0 0 0 0 0 0 0 0 0 0 0 0 0 0 0 0 0 0 0 0 0 0 0 0
7 11 22
6 13 21
5 10 21
2 9 20
11 16 18
3 12 15
0 7 8
5 9 15
1 10 18
1 8 17
14 20 22
3 4 19
12 14 23
2 17 23
6 13 16
0 4 19
24 16 0
0 0 0 0 0 0 0 0 0 0 0 0 0 0 0 0 0 0 0 0 0 0 0 0
3 7 21
7 9 11
10 20 21
1 11 20
5 6 18
4 8 9
2 5 12
15 16 19
1 13 22
8 14 17
10 13 15
14 17 19
2 6 22
12 18 23
0 3 4
0 16 23
24 16 0
0 0 0 0 0 0 0 0 0 0 0 0 0 0 0 0 0 0 0 0 0 0 0 0
0 11 13
3 16 20
6 20 21
5 8 23
1 15 19
4 11 18
0 13 17
2 6 23
3 12 16
1 4 19
9 14 22
14 21 22
2 10 15
5 12 18
7 8 10
7 9 17
24 16 0
0 0 0 0 0 0 0 0 0 0 0 0 0 0 0 0 0 0 0 0 0 0 0 0
7 21 23
14 16 20
0 15 21
5 10 13
8 9 20
2 6 10
1 5 23
1 18 19
3 4 19
9 11 13
2 11 22
0 3 14
4 6 22
8 15 17
7 12 16
12 17 18
24 16 0
0 0 0 0 0 0 0 0 0 0 0 0 0 0 0 0 0 0 0 0 0 0 0 0
3 4 20
5 13 17
1 7 23
0 10 12
3 18 21
8 11 14
1 8 16
11 19 23
6 19 21
6 9 15
2 5 14
13 15 17
10 18 20
0 7 22
4 12 22
2 9 16
24 16 0
0 0 0 0 0 0 0 0 0 0 0 0 0 0 0 0 0 0 0 0 0 0 0 0
2 19 22
2 3 17
12 19 22
1 8 13
5 7 11
6 15 16
4 14 21
7 20 23
9 12 16
4 5 21
13 14 20
9 17 23
3 11 18
6 15 18
0 1 10
0 8 10
24 16 0
0 0 0 0 0 0 0 0 0 0 0 0 0 0 0 0 0 0 0 0 0 0 0 0
2 3 21
3 7 23
13 16 18
9 18 21
14 15 16
4 20 22
0 7 13
8 12 23
5 14 17
1 2 6
10 11 19
5 6 15
4 9 10
8 11 19
12 17 22
0 1 20
24 16 0
0 0 0 0 0 0 0 0 0 0 0 0 0 0 0 0 0 0 0 0 0 0 0 0
1 5 21
7 11 23
0 2 18
6 10 21
8 14 22
7 13 16
3 14 17
2 9 19
9 12 18
5 15 20
3 6 8
0 12 13
4 10 19
4 17 22
16 20 23
1 11 15
24 16 0
0 0 0 0 0 0 0 0 0 0 0 0 0 0 0 0 0 0 0 0 0 0 0 0
2 17 19
0 2 21
1 11 18
6 15 17
3 6 11
4 16 19
12 18 23
10 13 22
5 7 22
0 20 21
1 14 20
4 10 15
14 16 23
3 8 9
8 12 13
5 7 9
24 16 0
0 0 0 0 0 0 0 0 0 0 0 0 0 0 0 0 0 0 0 0 0 0 0 0
3 18 22
3 16 20
6 19 23
4 9 16
10 17 21
5 8 21
0 14 17
2 6 23
1 10 13
1 4 7
9 15 19
11 13 14
7 11 22
5 18 20
0 12 15
2 8 12
24 16 0
0 0 0 0 0 0 0 0 0 0 0 0 0 0 0 0 0 0 0 0 0 0 0 0
12 14 23
9 13 16
2 11 19
6 19 23
8 9 22
3 5 15
6 16 18
1 11 21
1 10 21
0 5 7
0 15 18
8 17 20
2 10 20
3 4 7
4 13 14
12 17 22
24 16 0
0 0 0 0 0 0 0 0 0 0 0 0 0 0 0 0 0 0 0 0 0 0 0 0
5 6 11
2 7 20
4 14 21
3 15 17
0 10 11
0 4 18
5 9 15
1 6 7
17 19 22
2 3 10
12 13 22
12 16 23
18 19 21
8 14 20
1 13 16
8 9 23
24 16 0
0 0 0 0 0 0 0 0 0 0 0 0 0 0 0 0 0 0 0 0 0 0 0 0
11 18 23
11 17 18
4 14 19
12 20 23
12 16 21
0 1 9
3 16 22
5 10 13
0 7 19
4 14 17
6 7 21
1 5 8
2 9 22
2 10 15
3 13 15
6 8 20
24 16 0
0 0 0 0 0 0 0 0 0 0 0 0 0 0 0 0 0 0 0 0 0 0 0 0
7 15 18
0 7 21
10 14 20
10 15 20
6 13 19
0 16 22
4 12 13
2 16 23
5 11 19
1 9 17
3 4 23
8 17 22
8 14 21
6 11 12
2 5 9
1 3 18
24 16 0
0 0 0 0 0 0 0 0 0 0 0 0 0 0 0 0 0 0 0 0 0 0 0 0
13 18 23
8 16 22
1 3 20
7 8 10
5 13 15
0 5 12
6 17 23
11 14 19
1 14 16
19 21 22
0 17 18
6 9 12
2 9 10
2 3 21
4 7 20
4 11 15
24 16 0
0 0 0 0 0 0 0 0 0 0 0 0 0 0 0 0 0 0 0 0 0 0 0 0
1 2 17
16 17 19
4 5 22
6 14 23
0 9 18
8 9 18
6 11 13
12 13 21
2 3 21
8 10 12
7 19 23
3 4 14
10 11 15
0 16 20
15 20 22
1 5 7
24 16 0
0 0 0 0 0 0 0 0 0 0 0 0 0 0 0 0 0 0 0 0 0 0 0 0
6 17 19
2 3 21
14 16 23
9 14 20
5 13 21
4 8 10
1 8 12
7 18 23
3 9 11
15 17 22
0 1 18
11 16 19
4 7 20
0 2 5
10 12 22
6 13 15
24 16 0
0 0 0 0 0 0 0 0 0 0 0 0 0 0 0 0 0 0 0 0 0 0 0 0
4 7 16
0 17 23
12 19 20
2 9 21
2 10 11
5 8 16
4 8 14
3 5 19
6 9 13
1 15 21
0 13 18
6 7 17
1 10 15
12 20 23
3 18 22
11 14 22
24 16 0
0 0 0 0 0 0 0 0 0 0 0 0 0 0 0 0 0 0 0 0 0 0 0 0
8 10 11
8 13 19
6 10 21
15 21 22
0 3 16
3 12 20
4 12 17
1 2 18
1 14 23
5 16 20
0 14 17
18 19 22
5 7 13
4 9 15
2 9 23
6 7 11
24 16 0
0 0 0 0 0 0 0 0 0 0 0 0 0 0 0 0 0 0 0 0 0 0 0 0
10 15 22
0 1 20
1 4 11
0 13 16
3 21 23
3 7 17
5 18 23
6 8 14
4 16 17
8 19 20
2 12 15
2 5 7
10 12 21
14 18 22
9 11 13
6 9 19
24 16 0
0 0 0 0 0 0 0 0 0 0 0 0 0 0 0 0 0 0 0 0 0 0 0 0
0 2 20
12 15 18
16 18 19
4 21 22
3 9 10
3 9 23
5 6 14
1 5 14
2 7 22
17 21 23
7 16 20
6 12 15
0 1 11
8 11 13
8 17 19
4 10 13
24 16 0
0 0 0 0 0 0 0 0 0 0 0 0 0 0 0 0 0 0 0 0 0 0 0 0
3 10 21
1 9 12
1 7 17
7 11 13
16 18 22
4 16 18
0 9 23
5 15 20
0 6 14
3 6 14
10 12 23
5 11 15
2 4 19
2 17 21
8 20 22
8 13 19
24 16 0
0 0 0 0 0 0 0 0 0 0 0 0 0 0 0 0 0 0 0 0 0 0 0 0
3 10 17
16 19 23
7 12 17
1 5 6
4 9 11
14 18 20
9 21 23
8 15 22
11 16 21
2 10 22
2 3 12
0 5 7
4 13 14
8 15 20
0 13 18
1 6 19
24 16 0
0 0 0 0 0 0 0 0 0 0 0 0 0 0 0 0 0 0 0 0 0 0 0 0
3 11 13
1 8 19
4 8 23
15 18 20
5 15 20
7 11 14
0 1 19
7 17 22
0 6 18
2 6 9
3 4 21
14 16 23
12 17 21
9 13 16
5 10 12
2 10 22
24 16 0
0 0 0 0 0 0 0 0 0 0 0 0 0 0 0 0 0 0 0 0 0 0 0 0
6 9 12
2 15 23
6 13 21
0 1 17
4 19 22
1 5 10
2 5 16
11 12 14
19 20 22
15 16 20
0 4 9
8 11 18
3 7 18
7 14 21
3 17 23
8 10 13
24 16 0
0 0 0 0 0 0 0 0 0 0 0 0 0 0 0 0 0 0 0 0 0 0 0 0
2 16 17
15 21 22
11 13 15
16 19 21
6 9 10
0 5 8
1 3 13
7 17 23
0 5 18
10 19 23
2 6 22
4 11 18
7 12 14
1 3 20
4 8 20
9 12 14
24 16 0
0 0 0 0 0 0 0 0 0 0 0 0 0 0 0 0 0 0 0 0 0 0 0 0
0 18 21
3 7 22
8 13 17
10 17 20
10 11 23
0 6 12
12 22 23
9 18 19
1 4 6
7 13 15
8 14 16
3 4 5
9 11 16
2 5 20
1 2 15
14 19 21
24 16 0
0 0 0 0 0 0 0 0 0 0 0 0 0 0 0 0 0 0 0 0 0 0 0 0
4 11 13
1 15 17
6 13 22
0 10 18
5 9 12
2 15 20
6 14 18
2 12 16
5 7 19
3 8 21
3 4 17
0 8 21
11 14 22
9 16 23
10 20 23
1 7 19
24 16 0
0 0 0 0 0 0 0 0 0 0 0 0 0 0 0 0 0 0 0 0 0 0 0 0
4 7 10
14 22 23
7 13 19
6 15 17
8 21 23
5 6 18
2 11 12
8 9 14
0 5 16
9 17 20
4 11 20
18 19 21
0 1 12
1 10 16
2 3 22
3 13 15
24 16 0
0 0 0 0 0 0 0 0 0 0 0 0 0 0 0 0 0 0 0 0 0 0 0 0
0 2 8
4 8 16
1 6 23
0 5 23
6 18 22
11 15 19
3 5 15
1 10 11
17 18 21
9 17 21
3 19 20
14 16 20
2 10 12
13 14 22
7 12 13
4 7 9
24 16 0
0 0 0 0 0 0 0 0 0 0 0 0 0 0 0 0 0 0 0 0 0 0 0 0
4 5 19
7 14 17
9 12 19
1 4 7
8 21 23
0 11 22
10 18 20
2 10 22
6 18 20
1 16 21
0 2 23
3 6 14
9 15 17
3 8 11
13 15 16
5 12 13
24 16 0
0 0 0 0 0 0 0 0 0 0 0 0 0 0 0 0 0 0 0 0 0 0 0 0
14 18 22
0 1 16
6 11 12
3 16 21
8 12 20
4 8 9
5 15 22
2 3 13
0 20 23
4 6 7
10 13 15
10 14 19
7 21 23
1 11 19
5 17 18
2 9 17
24 16 0
0 0 0 0 0 0 0 0 0 0 0 0 0 0 0 0 0 0 0 0 0 0 0 0
5 10 20
12 21 23
1 4 8
10 21 23
7 13 17
6 8 22
9 11 19
3 14 16
6 7 11
0 1 16
2 5 18
12 19 20
2 3 15
4 9 17
0 13 18
14 15 22
24 16 0
0 0 0 0 0 0 0 0 0 0 0 0 0 0 0 0 0 0 0 0 0 0 0 0
1 2 3
1 6 20
14 16 17
6 8 12
4 5 8
7 14 21
0 4 10
7 22 23
2 15 21
9 13 22
13 19 23
3 15 20
0 5 11
10 18 19
9 12 18
11 16 17
24 16 0
0 0 0 0 0 0 0 0 0 0 0 0 0 0 0 0 0 0 0 0 0 0 0 0
2 3 6
10 14 15
3 19 23
8 20 21
0 7 16
13 15 19
9 20 23
0 12 13
8 9 17
5 11 12
1 5 14
4 10 17
4 6 11
7 16 18
1 18 22
2 21 22
24 16 0
0 0 0 0 0 0 0 0 0 0 0 0 0 0 0 0 0 0 0 0 0 0 0 0
1 8 11
0 10 22
0 5 19
12 16 21
16 17 18
12 13 17
2 7 20
4 9 19
2 15 21
13 14 23
8 14 15
3 9 10
3 7 11
5 6 22
4 6 20
1 18 23
24 16 0
0 0 0 0 0 0 0 0 0 0 0 0 0 0 0 0 0 0 0 0 0 0 0 0
3 12 20
1 2 6
9 10 22
2 7 13
4 12 16
4 14 15
0 8 19
5 14 19
15 20 21
0 8 23
11 17 18
6 11 23
1 7 10
9 17 21
5 13 22
3 16 18
24 16 0
0 0 0 0 0 0 0 0 0 0 0 0 0 0 0 0 0 0 0 0 0 0 0 0
1 14 21
7 15 22
4 5 17
3 9 13
4 18 22
7 17 20
1 11 19
8 12 21
2 14 18
3 20 23
2 8 19
9 10 12
10 15 16
6 13 16
0 5 11
0 6 23
24 16 0
0 0 0 0 0 0 0 0 0 0 0 0 0 0 0 0 0 0 0 0 0 0 0 0
2 9 14
6 8 21
9 21 22
1 4 19
11 14 18
3 16 18
7 8 17
0 15 20
1 7 10
10 12 23
0 2 3
5 12 16
11 13 20
5 19 22
4 15 23
6 13 17
24 16 0
0 0 0 0 0 0 0 0 0 0 0 0 0 0 0 0 0 0 0 0 0 0 0 0
18 20 21
9 10 21
1 3 11
7 19 23
8 10 20
5 9 14
13 15 22
0 12 13
5 6 16
0 11 22
15 17 23
16 17 18
2 4 14
2 4 19
7 8 12
1 3 6
24 16 0
0 0 0 0 0 0 0 0 0 0 0 0 0 0 0 0 0 0 0 0 0 0 0 0
5 6 17
3 12 21
0 8 23
13 16 21
7 15 20
6 8 22
2 3 4
5 9 19
9 17 18
0 18 20
1 12 19
10 14 15
2 10 23
4 16 22
7 11 13
1 11 14
24 16 0
0 0 0 0 0 0 0 0 0 0 0 0 0 0 0 0 0 0 0 0 0 0 0 0
10 14 21
1 10 13
16 18 20
15 22 23
19 20 22
3 7 14
3 4 5
2 4 23
7 11 12
0 1 18
6 12 16
6 9 13
8 9 15
17 19 21
2 5 8
0 11 17
24 16 0
0 0 0 0 0 0 0 0 0 0 0 0 0 0 0 0 0 0 0 0 0 0 0 0
15 16 17
0 3 15
14 19 20
2 5 14
8 10 11
4 7 18
6 12 20
10 12 22
0 6 17
1 18 19
1 16 21
7 9 11
3 13 23
2 5 23
4 8 9
13 21 22
24 16 0
0 0 0 0 0 0 0 0 0 0 0 0 0 0 0 0 0 0 0 0 0 0 0 0
4 11 15
1 13 14
6 17 21
2 4 16
7 22 23
2 12 20
7 18 22
0 9 19
5 15 16
5 6 13
1 10 11
8 10 18
3 19 23
8 9 12
3 14 20
0 17 21
24 16 0
0 0 0 0 0 0 0 0 0 0 0 0 0 0 0 0 0 0 0 0 0 0 0 0
3 18 22
2 12 20
15 17 21
6 8 21
2 4 13
9 10 14
1 10 11
7 11 13
6 14 19
15 16 22
0 8 20
4 19 23
5 16 17
0 9 18
1 7 23
3 5 12
24 16 0
0 0 0 0 0 0 0 0 0 0 0 0 0 0 0 0 0 0 0 0 0 0 0 0
6 10 16
5 17 22
7 19 20
1 3 5
3 15 23
4 14 22
9 11 13
7 9 18
12 18 21
8 14 21
6 12 19
0 1 17
2 4 15
2 13 16
0 8 23
10 11 20
24 16 0
0 0 0 0 0 0 0 0 0 0 0 0 0 0 0 0 0 0 0 0 0 0 0 0
4 7 23
2 6 20
5 13 22
1 8 9
11 15 22
11 19 21
8 20 21
0 9 10
0 12 16
7 12 23
10 15 18
14 17 19
3 4 14
3 5 13
2 16 18
1 6 17
24 16 0
0 0 0 0 0 0 0 0 0 0 0 0 0 0 0 0 0 0 0 0 0 0 0 0
2 4 12
3 5 7
6 13 21
0 3 10
6 14 18
5 8 16
11 17 23
13 21 22
8 12 23
1 4 19
9 15 20
1 9 10
0 7 16
14 15 17
2 20 22
11 18 19
24 16 0
0 0 0 0 0 0 0 0 0 0 0 0 0 0 0 0 0 0 0 0 0 0 0 0
2 9 23
17 19 20
0 7 13
4 13 14
11 15 21
1 2 10
0 1 21
4 5 22
3 14 23
5 15 19
6 9 16
6 10 22
11 18 20
8 16 18
3 8 12
7 12 17
24 16 0
0 0 0 0 0 0 0 0 0 0 0 0 0 0 0 0 0 0 0 0 0 0 0 0
1 15 23
7 14 19
10 13 20
11 12 16
7 9 21
8 13 20
0 3 9
2 4 19
14 18 23
6 16 22
5 6 10
0 1 2
12 15 18
4 17 22
5 8 17
3 11 21
24 16 0
0 0 0 0 0 0 0 0 0 0 0 0 0 0 0 0 0 0 0 0 0 0 0 0
7 14 19
1 5 19
3 4 13
10 15 18
11 18 21
0 7 15
9 14 20
10 12 16
12 20 21
9 22 23
0 4 6
5 17 23
1 11 17
2 8 22
3 6 13
2 8 16
24 16 0
0 0 0 0 0 0 0 0 0 0 0 0 0 0 0 0 0 0 0 0 0 0 0 0
7 15 17
9 19 21
2 17 23
6 14 22
10 13 15
0 11 20
1 6 22
5 8 18
3 4 19
7 10 12
11 21 23
1 13 18
9 12 16
3 4 16
5 8 14
0 2 20
24 16 0
0 0 0 0 0 0 0 0 0 0 0 0 0 0 0 0 0 0 0 0 0 0 0 0
1 14 22
5 7 10
1 12 14
0 9 12
9 20 21
19 20 23
6 10 16
4 8 11
2 13 17
2 8 18
3 11 13
17 19 21
4 7 15
0 6 22
3 15 23
5 16 18
24 16 0
0 0 0 0 0 0 0 0 0 0 0 0 0 0 0 0 0 0 0 0 0 0 0 0
5 9 15
2 3 19
8 10 11
7 16 22
14 17 19
4 15 23
0 7 16
4 6 20
3 11 23
0 2 18
1 21 22
5 6 9
10 12 13
12 13 20
8 17 18
1 14 21
24 16 0
0 0 0 0 0 0 0 0 0 0 0 0 0 0 0 0 0 0 0 0 0 0 0 0
1 9 16
16 21 23
0 18 20
2 3 6
5 9 17
6 19 22
3 8 11
5 10 14
1 2 10
4 7 15
0 15 17
4 12 22
12 18 20
13 14 19
11 13 21
7 8 23
24 16 0
0 0 0 0 0 0 0 0 0 0 0 0 0 0 0 0 0 0 0 0 0 0 0 0
0 20 22
4 11 19
2 16 20
3 21 23
9 10 12
1 5 9
7 8 10
6 15 18
1 3 19
4 8 16
2 7 12
0 13 23
11 17 22
5 17 18
13 14 21
6 14 15
24 16 0
0 0 0 0 0 0 0 0 0 0 0 0 0 0 0 0 0 0 0 0 0 0 0 0
3 10 11
0 2 15
1 6 23
6 12 20
2 20 21
14 15 16
8 9 12
8 17 18
3 4 17
7 13 23
1 11 18
7 10 14
5 21 22
5 13 19
0 19 22
4 9 16
24 16 0
0 0 0 0 0 0 0 0 0 0 0 0 0 0 0 0 0 0 0 0 0 0 0 0
5 14 22
6 9 13
0 2 11
1 11 12
5 14 23
7 10 13
9 19 20
0 8 17
4 7 20
17 18 23
4 6 15
10 12 18
3 16 19
1 3 22
2 16 21
8 15 21
24 16 0
0 0 0 0 0 0 0 0 0 0 0 0 0 0 0 0 0 0 0 0 0 0 0 0
5 16 22
2 17 19
6 13 20
5 8 11
7 11 12
6 17 19
3 14 20
9 10 18
0 18 21
4 10 14
1 8 21
1 7 12
3 9 15
0 22 23
13 16 23
2 4 15
24 16 0
0 0 0 0 0 0 0 0 0 0 0 0 0 0 0 0 0 0 0 0 0 0 0 0
9 15 17
10 16 20
0 11 23
2 16 21
1 4 9
4 8 18
0 5 19
8 12 22
6 12 14
1 6 17
2 7 15
10 13 20
3 11 13
19 21 23
3 18 22
5 7 14
24 16 0
0 0 0 0 0 0 0 0 0 0 0 0 0 0 0 0 0 0 0 0 0 0 0 0
7 11 12
8 14 18
3 5 9
9 12 21
1 10 19
2 8 13
5 6 13
6 16 22
2 4 23
0 3 14
15 17 18
0 1 11
10 20 22
4 17 21
7 15 23
16 19 20
24 16 0
0 0 0 0 0 0 0 0 0 0 0 0 0 0 0 0 0 0 0 0 0 0 0 0
2 11 12
0 7 21
8 11 17
10 13 14
1 13 15
4 7 16
5 22 23
3 5 12
3 10 20
1 4 22
16 18 21
17 18 19
0 6 20
9 14 19
6 8 23
2 9 15
24 16 0
0 0 0 0 0 0 0 0 0 0 0 0 0 0 0 0 0 0 0 0 0 0 0 0
1 3 20
7 8 9
2 13 15
4 18 21
4 12 23
1 3 10
12 19 22
9 10 14
5 16 21
2 15 20
0 6 16
17 18 22
7 11 14
8 17 19
0 13 23
5 6 11
24 16 0
0 0 0 0 0 0 0 0 0 0 0 0 0 0 0 0 0 0 0 0 0 0 0 0
8 11 22
5 12 19
3 21 23
14 17 20
4 15 22
0 8 18
2 6 9
9 12 13
13 18 21
0 1 6
2 16 23
5 14 19
4 10 15
1 11 20
3 7 17
7 10 16
24 16 0
0 0 0 0 0 0 0 0 0 0 0 0 0 0 0 0 0 0 0 0 0 0 0 0
9 16 18
14 17 23
3 4 12
0 8 22
1 11 13
2 7 22
10 16 19
4 6 21
0 8 12
2 9 15
10 14 15
18 20 23
7 17 20
3 11 13
5 6 21
1 5 19
24 16 0
0 0 0 0 0 0 0 0 0 0 0 0 0 0 0 0 0 0 0 0 0 0 0 0
1 14 15
0 4 19
8 12 23
2 6 19
3 4 23
1 6 21
17 18 20
10 11 18
0 15 21
9 13 17
3 5 20
8 9 16
5 7 13
10 16 22
2 7 12
11 14 22
24 16 0
0 0 0 0 0 0 0 0 0 0 0 0 0 0 0 0 0 0 0 0 0 0 0 0
5 15 16
5 10 14
1 3 4
2 9 18
10 11 23
8 9 21
0 12 15
1 7 8
3 11 19
2 17 18
12 13 17
0 6 7
6 19 20
4 16 20
14 22 23
13 21 22
24 16 0
0 0 0 0 0 0 0 0 0 0 0 0 0 0 0 0 0 0 0 0 0 0 0 0
13 16 21
0 11 15
4 9 16
0 5 8
14 20 21
2 5 20
1 19 23
6 7 22
12 22 23
2 17 19
4 8 10
3 6 17
1 10 15
11 14 18
3 13 18
7 9 12
24 16 0
0 0 0 0 0 0 0 0 0 0 0 0 0 0 0 0 0 0 0 0 0 0 0 0
2 11 21
13 17 23
7 10 20
1 3 9
0 6 10
15 17 18
2 12 19
14 16 22
1 5 23
4 5 9
0 11 14
15 19 20
4 12 18
3 7 16
6 8 13
8 21 22
24 16 0
0 0 0 0 0 0 0 0 0 0 0 0 0 0 0 0 0 0 0 0 0 0 0 0
0 5 20
14 15 22
11 17 21
7 10 12
0 16 18
8 17 18
1 3 6
5 6 13
11 15 23
2 3 20
4 12 22
2 16 23
7 8 9
4 10 21
1 14 19
9 13 19
24 16 0
0 0 0 0 0 0 0 0 0 0 0 0 0 0 0 0 0 0 0 0 0 0 0 0
1 12 19
1 16 22
13 17 19
12 14 20
0 17 23
2 11 21
4 10 21
9 10 14
3 8 13
0 5 15
2 9 18
3 7 16
15 20 22
5 6 23
6 8 18
4 7 11
24 16 0
0 0 0 0 0 0 0 0 0 0 0 0 0 0 0 0 0 0 0 0 0 0 0 0
18 20 22
3 5 19
1 8 15
1 11 19
12 13 14
2 14 15
6 12 22
9 16 21
10 21 23
4 10 18
5 13 20
7 11 17
0 8 23
0 4 17
2 6 7
3 9 16
24 16 0
0 0 0 0 0 0 0 0 0 0 0 0 0 0 0 0 0 0 0 0 0 0 0 0
1 13 14
0 6 18
9 16 22
9 10 19
1 20 21
3 7 18
4 13 17
5 11 16
5 8 11
8 15 21
2 4 23
2 12 23
0 3 6
10 12 22
7 15 20
14 17 19
24 16 0
0 0 0 0 0 0 0 0 0 0 0 0 0 0 0 0 0 0 0 0 0 0 0 0
2 11 16
6 17 19
5 9 14
3 5 6
0 10 15
11 14 20
13 21 23
1 12 18
7 10 17
3 4 21
4 8 15
9 12 16
7 18 23
0 1 22
2 8 19
13 20 22
24 16 0
0 0 0 0 0 0 0 0 0 0 0 0 0 0 0 0 0 0 0 0 0 0 0 0
20 21 23
8 14 18
6 17 20
2 9 12
1 4 23
0 3 10
11 16 22
9 11 14
1 13 21
13 19 22
2 16 18
5 7 19
5 7 15
0 15 17
3 8 12
4 6 10
24 16 0
0 0 0 0 0 0 0 0 0 0 0 0 0 0 0 0 0 0 0 0 0 0 0 0
10 11 12
3 13 23
5 9 14
6 7 11
1 13 18
0 2 20
4 16 17
3 18 21
9 20 22
4 5 7
8 14 16
17 19 23
8 12 15
1 2 19
6 15 22
0 10 21
24 16 0
0 0 0 0 0 0 0 0 0 0 0 0 0 0 0 0 0 0 0 0 0 0 0 0
19 20 23
1 5 15
0 7 21
13 14 17
11 16 20
2 14 15
3 9 12
2 3 21
8 10 17
1 4 10
0 6 19
5 9 18
6 8 12
11 13 22
4 7 18
16 22 23
24 16 0
0 0 0 0 0 0 0 0 0 0 0 0 0 0 0 0 0 0 0 0 0 0 0 0
1 13 14
4 7 14
11 16 17
3 15 23
2 4 6
5 12 18
8 10 22
0 12 19
5 7 15
8 9 20
0 11 21
3 6 9
2 16 18
1 17 20
10 21 22
13 19 23
